prox_p prox_int_p prox2_p prox2_all_p prox2_int_p iecat_p skat_int_p skat_ext_p skat_all_p iecat_p_syn skat_int_p_syn skat_ext_p_syn skat_all_p_syn
0.555396094924037 0.511547012195418 0.55503784114958 0.511591678767583 0.511591678767667 0.682160934889058 0.7477151170203 0.517175194127263 0.620910294549012 0.0985898282488376 0.31152103365664 0.462034130736925 0.135339652115031
0.445150298897165 0.462200348702612 0.444586699882698 0.497749014453389 0.462182192664756 0.774362986838537 0.856219766342769 0.189922446003638 0.114627079917419 0.712447530797136 0.934565963198878 0.857990419249015 0.896439951899586
0.448505121788705 0.903049580284033 0.449159399057135 0.872438500257885 0.903050248486193 0.278954828103431 0.232189596371734 0.600495570883669 0.744862072636626 0.410467585470711 0.530164337322227 0.238645420968627 0.410382083079971
0.757817292699154 0.386415083009594 0.757749154938238 0.322578557805356 0.386499632309016 0.609812325695989 0.913221285830281 0.445953127313236 0.476146026181917 0.313497784900981 0.269290268667837 0.82879496124926 0.685663546888485
0.71540756765805 0.290992691795399 0.715591948956013 0.236199773829594 0.291244709611015 0.566918938360368 0.568406944178826 0.43376538534118 0.394129672264389 0.43173431789567 0.277985720885066 0.34796885701522 0.143424406020442
0.402401335094203 0.145549646866613 0.40164823277565 0.135347840536959 0.145742049425005 0.918908939862497 0.664580553020327 0.683764165873547 0.937633650049125 0.929655422324428 0.88627944266477 0.849033877778131 1
0.93906004571367 0.480768202766842 0.939068125997003 0.496844556808901 0.48083314264361 0.218670654134093 0.854887132925551 0.663583416824053 0.680235014839167 0.799016203025323 0.764962728885416 0.559706073926842 0.730008082154219
0.610672482833345 0.905150226568638 0.610364927640247 0.949549850134517 0.905151468779206 0.873884235046087 0.585961181458092 1 1 0.483417608038749 0.540666252475637 0.835829763610759 0.81722429020085
0.06208342958574 0.862305182468596 0.0614875609122298 0.884759394593965 0.862310747324115 0.14820596182397 0.0751132319133193 0.610056063522126 0.610391091098681 0.761557456020471 0.272583218285789 0.0235062008311413 0.0579233401250888
0.947469287940834 0.514942894289204 0.947474814446635 0.514958633707444 0.514958633707332 1 1 0.850094393596827 0.869819238535967 0.584299079152842 0.589562919254001 0.478917411079254 0.680220156611459
0.60419221567126 0.320927517867349 0.604440416634849 0.309819044957123 0.321020228870102 0.187631084787725 0.378408243962532 0.625063695173076 0.394777623104397 0.890742643663076 0.923912101505673 0.754303023368167 0.716482706841491
0.924121020441375 0.440469380536666 0.924129332800216 0.440520822039487 0.440520822039543 0.398033064377007 0.205075167659576 0.256264116050914 0.300736045728498 0.907414346660788 0.517713077297551 0.515813055440346 0.53992574322569
0.952477407055719 0.832475234471149 0.952472777298886 0.697996942326548 0.832482400633364 0.82127006008915 0.896527558015935 0.629646069694629 0.716603676469023 0.533587025345068 0.283536140537184 1 0.851414440937302
0.932959962351349 0.828064058660977 0.932952972130677 0.7870977182583 0.82806759949842 0.387110268979085 0.493204409411167 0.796302855186717 0.460220279709534 1 0.854526827937484 0.705393931121922 0.939236671231927
0.202570173704278 0.302131268891856 0.201874631219222 0.302189390386448 0.302189390386416 0.0168636468951722 0.0162385137795675 0.0874820607618035 0.100354544478955 0.685728055991716 0.445938595170303 1 0.831232894173111
0.652193576186148 0.517821009442204 0.652025825642844 0.527204355276072 0.517843998971948 0.914824932423055 0.886941030095169 0.75322494024286 0.737244659733009 0.332365307415783 0.811836607778564 0.926564982338432 0.857299585213091
0.44352736456767 0.280356443227909 0.44304400580748 0.302929576579962 0.280418951015692 0.682781624610736 0.677343083754241 0.922664244549314 0.889321621821048 0.86330733430932 1 0.202112728387408 0.552334181347522
0.854666722978536 0.68567314711523 0.854635382581914 0.703141599302219 0.685688725307253 0.725905272605437 0.502298855139582 0.815632975281709 0.780693323469431 0.742388414797733 0.817986436299564 0.738083741171366 0.73322267830644
0.509069644261548 0.0181508113523932 0.508638167937036 0.0176562205478597 0.0183160797187188 0.72317408034008 0.693680603479065 0.761647549955618 0.61313485238166 0.497361783964279 0.379277984420944 0.92298619894581 0.382205795676631
0.687141538228038 0.191906427620399 0.686963890033161 0.135126924194823 0.192070397509684 0.357283570395037 0.20107316046068 0.263895175650245 0.289159670267435 0.534219777889522 0.257925476521094 0.788028553175058 0.484458503897974
0.577869270944502 0.90737863441269 0.578256397625887 0.92152044129125 0.907378483005224 0.583589919818634 0.725065499515256 0.56104511222234 0.682793998982507 0.718601114296879 1 0.426254506090902 0.622005151643868
0.813400086736226 0.0583611027861553 0.81333760762908 0.0584376783734636 0.0584376783734732 0.798724743333062 0.670064649357681 0.370092120116136 0.110945523546791 0.923067725933671 0.72416441030925 0.418065511479165 0.791208957274839
0.157509877028149 0.0658499508198797 0.15690443349427 0.0660497637589233 0.066049763758918 0.876853674784145 0.826648809604917 1 0.819647236477716 0.664377795802616 0.645624422107232 0.192276795728379 0.142750098134458
0.258888134308662 0.0871285571376358 0.259746857171694 0.116624693807108 0.087303555221397 0.106001631996092 0.143464372942458 0.211898254702419 0.421172022554761 0.0262227367860726 0.0305015599901367 0.168089265508971 0.142933577872385
0.882297665492258 0.65950294569877 0.882268990716654 0.608102496896986 0.659510692754691 0.822174318353807 0.847955954347046 0.731156043611571 0.726265209443221 0.492068848248102 0.447347203451138 0.751433909756041 0.862798406497842
0.0792903228687384 0.799003309658761 0.0786655756096493 0.925697182952379 0.799009978606462 0.511971093789019 0.530962250185352 0.92989235087091 0.8530131848926 0.668490598431801 0.819107243619632 0.0848635838873847 0.477552121010615
0.924185782663417 0.452213980788687 0.92419621433228 0.592129347436319 0.452283273563769 0.112056640421922 0.192195515424588 0.693629623188984 0.778489320501174 0.891681678556273 0.789165449502758 1 1
0.133413800311933 0.0926859024288889 0.134371866860138 0.0742299375883572 0.0928256506367507 0.221636277943632 0.041580070563019 0.307530516022945 0.112039658039311 0.364552702622968 0.632454527729176 0.512968196905826 0.519103500046543
0.660705637187869 0.90537741018502 0.660915180635503 0.970439790344777 0.905375669744396 0.72559549357587 0.508372159401004 0.601766822486095 0.500040224493516 0.559680673465119 0.669077545258619 0.419341860182729 0.165174553611466
0.539342681632934 0.633023808131384 0.539082177144526 0.621990590240266 0.633050302104307 0.570268313582784 0.890289803560433 0.7416108041692 0.797708635694296 0.62791595307371 0.689232107884978 0.293453622073527 0.394460602382224
0.694550506540251 0.391523241589431 0.69430975283684 0.300750362283785 0.391523557033794 0.30630973451734 0.0840005710717808 0.402650449799745 1 0.646888604340306 0.804316334440317 0.580430251684572 0.682133004328479
0.704353635596615 0.428512078220323 0.704219749607771 0.511308656053643 0.428504330648084 0.424569289252534 0.452883930157039 0.915175337690455 0.578712150543946 0.579448879049945 0.633383584896847 0.698375781989962 0.793795477510801
0.0645726361779491 0.218539217787472 0.0653007148449934 0.197056015230995 0.218736022478074 0.221695651779584 0.415685513275826 0.400515519500041 0.301057087908869 0.177988933638327 0.373833634226176 0.234296607144175 0.339569186857448
0.0840287593866943 0.208770451789858 0.0852543749759958 0.233997223534819 0.208985707144012 0.104688051692368 0.187764307224508 0.287508254349654 0.337858862089117 0.580736693284365 0.675463591913788 0.345674637606315 0.288217000767748
0.943639094370923 0.645941165287346 0.943633142313443 0.65076991279935 0.645945248127561 0.788631603532154 0.659371060099851 1 0.881469669482204 1 1 0.678694782773579 0.844479760822032
0.276615935012482 0.730205981506013 0.277330234636978 0.727638732493334 0.730196256876138 0.131950283539878 0.10187499870276 0.758019951517799 0.562238447214085 0.177039407729629 0.484843444719125 0.197531727308276 0.163462167629643
0.236431916621179 0.883860424972856 0.235527647637853 0.858174898163678 0.88386252311501 0.370736552345841 0.251594427770107 0.677736166241833 0.744168896496604 0.830609993376915 0.641392945750367 0.592584819094464 0.633077340079236
0.633869268395833 0.890479763874411 0.634197075399302 0.902551252767763 0.890479484508667 0.750917608116082 0.921897397290291 0.621655185962195 0.842929428584809 0.844441436996738 0.91449725473178 0.602065048245997 0.743575369592312
0.363341252865436 0.368976427802533 0.362785058158893 0.424931533426487 0.369037021817371 0.657502918331948 0.432745834634871 0.16863702409994 0.25421297531221 0.477117283438006 0.473660302378949 0.857014312258585 0.829915904268932
0.713507496391205 0.337523232800728 0.713687550177273 0.398746136439763 0.337781231416505 1 0.903151049299791 0.765863131769149 0.603219087397117 0.135409086100901 0.0646332059055085 0.787578652872321 0.736989272110118
0.620092898658537 0.714269369086245 0.619860122972606 0.612229687299326 0.714285151781764 0.707028343479139 0.189767450646822 0.773332463759054 0.780999110817109 0.476598249897158 0.56197661881472 1 0.933530038357041
0.195051453581012 0.267969617853986 0.194410163977216 0.294273008121907 0.268185743067656 1 1 0.803787634119302 0.853820517114152 0.85287309837592 0.664164773017578 0.227963422594404 0.178315912534246
0.458509216871604 0.133222788051696 0.458026279717238 0.112914027385153 0.133379039720472 0.177126181484172 0.263750821980034 0.411854858645766 0.358485204829973 0.772907290587759 0.737325910220854 1 0.865883897674003
0.6824289251389 0.91418819689817 0.682177153259387 0.868326057014721 0.914189957809182 1 1 0.13216905963942 0.231965892809241 0.572455298943995 0.662120086622539 0.75458222878457 0.678007349724589
0.369937642302134 0.032441516907696 0.37066774140263 0.0315507190530664 0.0325711984713234 0.323779259140918 0.473900316527866 0.117157979702641 0.10288831173511 0.85606103969763 0.795615194439134 0.883039766788829 0.937228273091481
0.897670248794455 0.998465517824844 0.89764521540789 0.822404670764071 0.998465517873273 0.0964988448320768 0.180554984567059 0.334344165651775 0.368307686837771 0.532310525374409 0.597069175179981 1 0.877434575540869
0.85288890153122 0.268939250165223 0.852937037885485 0.113341267091989 0.26905251751996 0.389074492545412 0.658300209695657 0.534635002627055 0.488337701683372 0.79453064016151 0.527799019307663 0.905934782092185 1
0.680581658781775 0.338766867111672 0.680808972405448 0.34424006854564 0.338868169291879 0.404211173514288 0.473572692105815 0.85748647763068 0.590903991930626 0.90009784511206 0.919411331689928 0.708306396222899 0.697464094189599
0.8844211126109 0.948380532407745 0.884396453840358 0.897586987666657 0.948380918295774 0.320836799898889 0.296915015560421 0.625354817468213 0.60245441263295 0.618075666829688 0.441119628113129 0.304620293168414 0.625333591974574
0.904126652112043 0.564061634073368 0.90411202833269 0.595335702807489 0.564070011238853 0.22321981368434 0.207988239567556 1 0.740358756721298 1 0.936675443850207 1 1
0.80372388230816 0.842975679891463 0.803813039241355 0.807170960646159 0.842970090034085 0.92509768868287 0.924138746727815 0.534632744249737 0.311306970441693 0.21063289887127 0.230187507335854 0.529106119781005 0.398711303903886
0.643545668790196 0.0875250407276188 0.643777611245925 0.0877331806087655 0.0877331806087873 1 1 0.867187099094526 1 0.701266501776802 0.643968267122198 0.521572417326262 0.43698056647587
0.203202820646555 0.620809843428909 0.204477699473309 0.620880412150037 0.620880412150136 1 1 0.67396505265611 0.564399746154701 0.514595604057196 0.707871878550307 0.0734235401343882 0.115769323487388
0.000716231040414542 0.108593467054287 0.000815429132212553 0.108506460921661 0.109203931052434 0.22939677577779 0.36161424087796 0.83529539924086 0.649537510026592 0.219682640614736 0.328057874385474 6.27772657710857e-05 0.000263145475938864
0.706407551289934 0.792844145793631 0.706269262875658 0.725693201382135 0.792841899501828 0.447270297872682 0.589564681688803 0.331504516050095 0.390928077532082 0.737872886909753 0.896809442528994 0.683778672217113 0.770403963394149
0.6257499457415 0.254207774426179 0.625544144333176 0.247719581103999 0.254300166552452 0.542073297281934 0.399821930093741 0.808621010218483 0.855886867398549 0.909918803327505 0.708365730171334 0.591763657902857 0.597442961496714
0.448635244322744 0.851794175795092 0.449207411729705 0.851792442822298 0.851792442822317 0.394978180730476 0.625999450301179 0.525985768734327 0.500135005097352 0.852578530412237 0.717120566368206 0.842120926109289 0.776335082257987
0.90617458807985 0.5795382277711 0.906163118962017 0.579528782142056 0.579528782142253 0.42732813677792 0.487931845522236 0.547942335051785 0.50010901053657 1 1 0.442516163803981 0.708753235759613
0.50696118942672 0.053956782420138 0.507269380820909 0.0541743673838395 0.0541743673838508 1 1 0.225396394831775 0.65033638508176 0.841487964863152 1 0.899879338129663 0.471931942464348
0.501207975146834 0.625563280791977 0.500754962185415 0.632649272270736 0.625587028933426 0.428698750050711 0.565689786604191 0.556580928661365 0.63806443907708 0.687372713667602 1 0.563969059589331 0.834512831167
0.492498952280728 0.589862824794763 0.492918449182546 0.598061948660621 0.589896252465387 0.881937196862421 1 0.830625195613176 0.916652944190641 0.539125824307729 0.843122971317938 0.394015311093873 0.360796393787563
0.592493359485297 0.70381946085321 0.592231923306282 0.716111725037849 0.703825301588122 0.408931700496407 0.422948598031528 0.480505612963341 0.586568604473565 0.0620198210071942 0.112706569330916 1 1
0.723208912118967 0.600414327443092 0.723371763642206 0.628962172087116 0.600450268025375 1 0.70848381015051 1 1 0.0816542822734039 0.115307405007032 0.458615216300647 0.248104693283156
0.883057237624317 0.535800637138644 0.883085747094233 0.496431819369623 0.535897220475597 0.740233803733043 0.524199064848027 0.909332206470293 0.795868721281113 0.561683236248162 0.473175354874412 1 0.848207814721103
0.769341202697127 0.349453311967274 0.76926975813934 0.219226932438209 0.349580750521292 0.539408374547829 0.556453912610074 0.273424176573184 0.292232299314053 0.841580522343903 0.763081085013814 0.762337586625179 0.445102078818174
0.314594984618005 0.88630447217419 0.315314282812788 0.883302690210963 0.886303851533843 0.576727827957547 0.274655483559012 0.417666083440617 0.798584147922717 0.628698935391873 0.850216856754948 0.562598384465948 0.77559009069075
0.47486277790117 0.0343171327028816 0.47546492911514 0.0441526628846204 0.0345349283450209 0.626213800532593 0.768069911807269 0.644979160690183 0.593794655670205 0.377163724509571 0.248345406023063 0.592710647686973 0.648491113156129
0.61298449989973 0.627134046316363 0.612655362042684 0.5287560250246 0.627135711084346 0.828462213178921 0.719346200807786 0.158009752356803 0.229068853658688 0.757273866720715 0.9324996417116 0.771713940264123 0.887947465368943
0.918741455932644 0.476745730418884 0.918729709904862 0.492946323977812 0.476825387210874 0.889533409238077 1 0.93569029102417 0.921672793751774 0.69754940954105 0.765028305910773 0.877140179663792 0.752008584054651
0.739098413919547 0.536423084238856 0.739245078985937 0.536427093437885 0.536427093437912 1 0.913306189104716 1 0.867002799386713 0.0581526135388144 0.134464097495513 0.799498175875842 0.819515762236877
0.411224709149528 0.159674320288196 0.41056535585188 0.164145275291563 0.159885419383813 0.342872178326987 0.35053609153505 0.645316921668993 1 0.181452029387045 0.146285638275574 0.887632709958774 1
0.799983190365381 0.533764995080495 0.800060946295445 0.537297552187237 0.533742997010997 0.11487962749554 0.0922981081712017 0.904547210946626 0.593962748166158 0.264078547300209 0.350538969343048 0.710289029721447 0.711136013289884
0.144774373593754 0.861042469143861 0.143907768088477 0.82338164332485 0.861044346169588 0.753737252723216 0.840269805790213 0.362306934885337 0.633960251179715 0.344782475718543 0.492243481509738 0.141367785752914 0.12507373738183
0.530004845968782 0.541355994571564 0.530461723291325 0.503674597687359 0.541350885754477 0.936067604869459 1 1 0.74093478056495 0.480436239151377 0.666107756391263 0.542458750621694 0.593431822973691
0.648641789704733 0.762154213749701 0.648419566595082 0.762153256924294 0.76215325692424 0.777626471626171 1 1 0.881591424047531 0.567822575749111 0.7841934027104 0.217140615219991 0.585328976343932
0.71174488248302 0.237737684350859 0.71195904265327 0.194593512490149 0.237866882376331 0.610149335543159 0.482288261978393 0.866584806556396 0.670304111396777 0.0435189764557223 0.0839808811071316 0.753862536917469 0.515089901362691
0.615319235188219 0.672253168408988 0.615527327325199 0.672285759217919 0.672285759217961 0.539018294762903 0.621735610587075 0.924356760496186 0.827825474863434 0.601468047340094 0.38817435349496 0.911675723909015 0.934307928225351
0.327374751917095 0.761074404360459 0.328269297344105 0.793745089294967 0.761091589177799 0.849427961272455 0.594258911883749 0.472258839385528 0.526782458241452 1 1 0.875101787505074 1
0.918238363283192 0.91848480166515 0.918222774665851 0.995239948579263 0.918482731110789 0.623910021848672 0.551323815779472 1 0.750555637269418 0.781857684395269 0.739111354028657 0.754084343948868 0.856685738574451
0.816321812165542 0.348670937243995 0.816264439990358 0.33024152095095 0.348746039410196 0.761535353737015 0.649181655387155 1 1 0.924145583694708 0.897184461898838 1 0.921942775783532
0.141720506099318 0.491833168223296 0.140912292397077 0.499794098857359 0.491906980189656 0.629751304316676 0.544926025387147 0.678608072777247 0.807744614111056 1 0.907508186267312 0.375466529071532 0.369141142743591
0.521116015441378 0.618154550057361 0.520732715142469 0.508696095193716 0.618143850696012 0.516733868450928 0.697682231960676 0.499285562914645 0.32726650951696 0.675791991021492 0.698948972530779 0.577295111763709 0.421411625250078
0.634587784034487 0.463201036717864 0.634332240928755 0.463184690971297 0.463184690971286 0.580668016601864 0.567732639367193 0.167324037476693 0.12036011389358 0.64547357316316 0.428538838440921 0.724345294307248 0.644282004542223
0.0039241451252255 0.477542145611423 0.00382131030445851 0.477607020644783 0.477607020644964 0.520756491606698 0.57173778443856 0.780304030490534 0.909191696374549 0.111142500971816 0.223477619155353 0.00390374696901219 0.0419937015506109
0.117268636488121 0.386859682264861 0.116636912475621 0.386901397676532 0.38690139767661 0.531025254537138 0.537191608763667 0.423372150915421 0.375250622673118 0.83567131832075 0.923571854936374 0.476235159225446 0.606599411900582
0.0860110301689038 0.662870345512783 0.0854794915196998 0.697334741346112 0.66288254591773 0.555585226128668 0.537326157665494 0.694708230988503 0.76905393851677 0.31730403613055 0.610608878360636 0.214023577739554 0.446131329517854
0.917490417359817 0.590905501025711 0.917502454283945 0.707515996628842 0.590929216982277 0.506458343874058 0.581901461548962 0.61286251553339 0.7264149533404 0.673319374529358 0.653190820057103 0.662191056135093 1
0.594752793566148 0.498684433940344 0.595105432731636 0.498753079738816 0.498753079738835 0.338450591772465 0.42611871149291 0.390546856456333 0.313721538702937 0.872134848906954 0.695472391748847 0.641409796751987 0.672265979101858
0.380023109326652 0.328444110562061 0.380881050845049 0.22071630408278 0.328602049437848 1 1 0.617918694130279 0.905878960066804 0.160402677448252 0.214729566068374 0.624085961624163 0.385535219795546
0.396661165209445 0.398554080211947 0.396049667619144 0.373357535900267 0.398544465955959 0.518837841170432 0.532927076176881 0.0653212631679168 0.0666979817407848 0.561994587263518 0.463395968088444 0.817080379411009 0.709305143117052
0.297928400270462 0.655881864690441 0.298794614414788 0.6558788170458 0.655878817045748 0.83745095033046 0.600253588563765 0.591178366924958 0.460438511694612 0.905210686542887 0.851360865267452 0.773092270084619 0.931045300946779
0.719989297098957 0.443008512231294 0.72015145962467 0.500624357712176 0.443061488593016 0.0910233313284815 0.155985238834609 0.685593381451906 0.620615573027774 0.274915015087403 0.331054656287461 0.912017753211317 0.881342722306713
0.54402199174999 0.805523223406389 0.544488934370179 0.805538125425435 0.805538125425347 0.776996624390946 1 0.605238116423525 0.802458277916964 0.84207173057657 0.75494260919962 0.881530869025747 0.674653556168966
0.990097860597027 0.486349184704082 0.990097618001626 0.523692154899343 0.486398865152194 0.373818868355787 0.309425665128972 0.392057735791146 0.43854456707104 0.793847266242257 0.896718431956466 0.633262277211794 0.901569776761959
0.937732461308966 0.171983753787866 0.937740283573094 0.118620514585889 0.172196836232176 0.4705423971128 0.625381890394635 0.609117978630729 0.627544876748272 0.760234439733114 0.754380595002672 0.512794706059475 0.652225576288041
0.760877817292087 0.734536812117938 0.760993884014101 0.907073080914649 0.73453781079883 0.151263568181627 0.416006333863062 0.448594619186114 0.260720004943677 0.241229212372481 0.125777937098949 0.888280774716727 0.40366299327479
0.661515047639651 0.16787230087431 0.66177934562539 0.199636328341711 0.168062934960929 0.310805650022205 0.294529577832002 0.60799408608389 0.295760900174732 0.506121342671708 0.418913248190257 0.712942330554558 0.674697301942418
0.250873016395107 0.880618031565621 0.251792691918614 0.87316873248889 0.880620347564323 0.353003092519707 0.263813863483086 0.434581753811821 0.37594433157065 0.580057506352468 0.812935698245988 0.735292175695671 0.653500509467027
0.629715260558497 0.691778443126543 0.629901520589166 0.691792894120653 0.691792894120724 0.875443543057588 1 0.639112573949652 0.763476323362304 0.577151367776183 0.882717264869522 0.701535420127953 0.831058138289799
0.130432850557748 0.627045887310497 0.131402020729767 0.631802916727533 0.627062789664536 0.588319942959194 0.665893523702527 0.320022058663791 0.501859026029943 0.273180023371509 0.386003554556333 0.16374695022384 0.346020693978477
