prox_p prox_int_p prox2_p prox2_all_p prox2_int_p iecat_p skat_int_p skat_ext_p skat_all_p iecat_p_syn skat_int_p_syn skat_ext_p_syn skat_all_p_syn
0.675430761385245 0.369106955084179 0.675237469531727 0.422357275153164 0.36919701989323 0.444848165807152 0.749942429697579 0.670326639630195 0.471876328255274 0.0589408701099818 0.0399452420043165 0.097106711050081 0.201315261418248
0.473496061789494 0.567747403349987 0.473058626814946 0.478373989056324 0.567787816469863 0.473499747583931 0.755881064420821 0.242317823907878 0.413689520987534 0.0950394174357345 0.245977252969802 0.856854392112252 0.761670749064047
0.76332391656486 0.69616341005676 0.763247630479388 0.660588312664121 0.696157380883983 0.780610343491129 0.412078373005514 0.767166209019803 0.555989106121519 0.0116708027289624 0.0387016797611847 0.898597675542771 0.927375874199008
0.920796675047498 0.475288340101002 0.920810073390434 0.468548147743437 0.475309025496501 0.756692198683427 0.835328660585924 0.496021983360022 0.507707266868572 0.20833545771397 0.621397912983865 0.489698572036637 0.318173180855838
0.731555290231439 0.745783771233167 0.731631235119659 0.726563590209607 0.74578469292624 0.279630267270672 0.448668724993122 0.367033443764207 0.398247468548401 0.133375596972137 0.236615974375821 0.697847145766647 0.364651939713106
0.248404691011021 0.152524316311597 0.24931777755735 0.147625659244607 0.152613605630841 0.222795644086132 0.290969681558945 0.039682901718584 0.0383854370174136 0.604223390642496 0.806586024210026 0.655644169393359 0.471087118644178
0.392678814546215 0.113588904027595 0.392038211919233 0.127826337051032 0.113845167305485 0.741113537559349 0.72941291997024 0.897527176201596 0.811004940479564 0.728043006178333 0.900577310077314 0.48394814525277 0.29499715894689
0.469369581291365 0.268998696062582 0.469671415867128 0.267403138831298 0.269103987489801 0.545586832064881 0.557497315276437 0.57959833603849 0.663182264857644 0.445040254196496 0.418220445279871 0.412793660664532 0.185325425718814
0.884577433930483 0.828808235136234 0.884553676793721 0.779733730620791 0.828808625682977 0.65120407619444 0.670768491507345 0.0745035749549233 0.0979212400232335 0.854902198228014 0.884712617099312 0.681533199331059 0.816612452686861
0.986876067000543 0.320997502816546 0.986876305703409 0.375875516397002 0.321039889941427 0.802698711613407 0.880972191324329 1 0.792486860496842 0.60422315562774 0.7017683136563 0.884774714173053 0.877552883500835
0.740568756153413 0.262223682234322 0.740678550571428 0.276579821791108 0.262286260260464 0.17216832599278 0.106481112497994 0.443936220254399 0.610530495423157 0.627292718831802 0.737695013603954 1 0.933323529591882
0.740624212355395 0.522285404734061 0.740761376884395 0.522338447746954 0.52233844774677 0.322315196292176 0.423019465181815 0.636761265909776 0.707422093527119 0.658648867228792 0.564429068596075 0.52648724450796 0.514437841165168
0.909134736572195 0.263383786488315 0.909117322586806 0.263530920579197 0.263530920579404 0.687331962701077 0.884942153995175 1 1 0.401868058635857 0.435392986833313 0.773608047409316 0.862673399716832
0.546892452031358 0.975290114675036 0.546483004019698 0.923273977498852 0.975290175409695 0.627481932101898 0.577327585832534 0.630941909160255 0.929804763652378 0.830520929453636 0.756822553761603 1 0.92784280289986
0.960123985951154 0.574045352539745 0.960120617024259 0.528750431174894 0.574011716300871 0.078769195937234 0.0284540943806472 0.176271922415548 0.0781630353887808 1 1 0.433012220539565 0.484694105905081
0.799275247913399 0.669964680649823 0.799345728923205 0.692345816306157 0.66998969963786 0.818604745683732 0.826532946998078 0.667345741797914 0.753096564023285 0.90567059821656 0.916978671876227 0.931725470477129 0.924392259778732
0.0756430085030373 0.147607097620678 0.0750890671627223 0.157255268670512 0.147677755624549 0.676394507836046 0.787429066657499 0.109128401466932 0.0876796312923035 0.628402772143415 0.675911304899306 0.685021157742472 0.617820702251317
0.46064886490931 0.819434795550388 0.461230565262258 0.716224042679169 0.819437059810458 0.935019171462228 0.938865998896578 1 1 1 0.887626569291674 0.642076127633072 0.687304257300019
0.711892545590591 0.210996608487299 0.712077740618009 0.211177526115517 0.211177526115583 0.634987425599728 0.832661133992152 0.522413916264334 0.382857644459368 1 0.590316336151774 0.439364537900735 0.904823874501717
0.495922260069908 0.731041978618863 0.496411092430339 0.762029812477218 0.731047827624684 0.702021442812516 0.709890148878342 0.284639408148641 0.525247732907048 0.189876065909639 0.0666832601279519 0.334548019950717 0.486216359283471
0.762737283431002 0.666613746464867 0.762846816874653 0.839178384961041 0.666625321478715 0.418187340525115 0.307162697620732 0.757273288798376 0.553988801677411 0.487041568533525 0.725262688951859 1 0.920879565164701
0.821108692594408 0.40009987572948 0.821047029662887 0.459984976666259 0.400132098082001 0.776535034922098 0.716108222383757 0.915847205337578 0.801552476294189 0.337616758416714 0.491479110592048 0.622447626858702 0.568316378518517
0.145469736359667 0.0944701303395981 0.144871621087802 0.0906505079841189 0.0946064968655595 0.70763139536015 0.651395513679823 1 1 0.236564944466385 0.309865935965539 0.117347151421817 0.117311106913704
0.759756802761817 0.853168533693653 0.759873827611983 0.977658597118946 0.853171556058044 0.89794952025184 0.939019912480944 0.616121529433882 0.877438828453724 0.774321408121832 0.737970094159454 0.775283237735614 0.762234075649397
0.438764970257308 0.981912122392067 0.438356679635781 0.98604345345221 0.981912119916896 1 1 0.556429999435013 0.746303598568918 0.644357526589071 0.488441113742045 0.786098873987399 0.748714181012905
0.508170064588347 0.118585482498016 0.508665457904727 0.118759954365132 0.118759954365083 0.860726860584293 0.839031701799993 0.620712318056084 0.529259367251104 0.808535139812674 0.803991357472421 1 0.739992066912412
0.0962222880415253 0.731442405265134 0.0954431957476605 0.792784837591406 0.731449013701558 0.46116076770423 0.577592332468573 0.689548120998061 0.682816698506448 0.685180735164589 0.794215797385691 0.242709056357839 0.590371959495803
0.539575200899088 0.351883198857336 0.539877926370745 0.380022643446033 0.351961528818491 0.928022884226331 0.685656079785048 0.643825426986697 0.871563780249579 0.627697296283188 0.572480916277335 0.791130869506344 1
0.171849419139436 0.61074719284413 0.172831910195652 0.610775858098211 0.610775858098264 0.238038549929083 0.387888460816085 1 1 0.544731161155186 0.461733514033846 0.190173380814533 0.551451795775027
0.465659815337 0.244232372448801 0.465245323316524 0.201113252980896 0.244411260461312 0.0893301812009073 0.00617337665687279 0.922175274408101 0.210325249399992 0.270193192524195 0.109197942589193 0.36113154084765 0.0557040462302952
0.79428826366521 0.522329428440968 0.794216898180461 0.550482461340496 0.522390412945587 0.57565419656501 0.338873319285823 0.208695080541664 0.629597047655654 1 0.606578657164162 0.613432888499828 1
0.402920000734532 0.907696333587588 0.402200130250123 0.883849436313933 0.90769662701301 0.830745272980532 0.880022207887489 0.734296199708461 0.785983533586041 0.283489864721716 0.497758193115404 0.377654924797828 0.622838860100096
0.825754388438783 0.507381945510691 0.825683364326434 0.4742551971011 0.507473870949377 0.913425264969406 0.808297347051307 0.274994649855199 0.56407519385058 0.898633790817399 0.874434284819385 0.710067279637458 1
0.987075404580484 0.618564186846071 0.98707513920018 0.547378059209897 0.618580312122456 0.905603994941769 1 0.315779056405867 0.363364353677796 0.27160590343585 0.452493248797392 0.653201656665374 0.711085223956846
0.81760442668234 0.198082309233287 0.817654393710202 0.198151509928323 0.198151509928366 0.283406940556373 0.357820241241003 0.369862302680218 0.173284462269542 0.816985535030184 0.86814425866367 0.783380075068267 0.737010341152441
0.257968554770024 0.47994200113551 0.258554960415293 0.420868399958979 0.479958764256601 0.559298541954854 0.674197134444597 0.811631118549316 0.577273275399667 0.884316209145871 0.809944046111732 0.51617266634875 0.583017407168026
0.335571759244274 0.564938976839995 0.335056533207685 0.564985121786947 0.564985121786903 0.818991631907386 0.765949331797615 0.89512881609461 0.925013910769396 0.304158511971119 0.507638889520155 0.579919048497023 0.389019549716957
0.194846150758721 0.673476857326084 0.194099746784354 0.827347160002327 0.673492509079009 0.612083100068158 0.852764231949498 0.398390441729873 0.68688325123348 0.315224371740272 0.590852379887558 0.347113236897875 0.314540238882976
0.400813249009073 0.0942649982018756 0.400249082215259 0.0945532073635308 0.0945532073635542 0.121958525187594 0.475030570555914 0.0287435346220802 0.0281143869416001 0.360000425934574 0.276999784622909 0.340359698446267 0.137176111941578
0.111937139560497 0.766692837750361 0.111394448533628 0.815361880003941 0.766693259160872 0.121035159649409 0.0957170931127698 0.171390019346069 0.268715496795162 0.816425144610107 0.872887727959445 0.759919901880355 0.815710485285856
0.37869672151417 0.722614188238958 0.37802677336141 0.669968384559594 0.722632084643317 0.904893396557681 0.615451740959732 0.446340063664556 0.544009029512582 0.746260476712509 0.686034717720186 0.861983148435878 1
0.0111759272927871 0.265757407533256 0.0115298370834188 0.221740235055299 0.265820588394498 0.733922614826223 0.55749311197539 0.202856093836864 0.175207916745023 0.559723997215637 0.66419999706725 0.10489890442555 0.170890350067479
0.623228632561075 0.375563674277481 0.623501261329345 0.417122146234418 0.375580531018147 0.679851256185179 0.841813100705149 0.891235816959528 0.941310722338223 0.312864688879835 0.303953286098119 0.386990014609965 0.259767350223541
0.274506639358585 0.45994538382092 0.275251930287224 0.485734264978947 0.459970232554116 0.651231610904505 0.53320651455112 0.652129159150268 1 0.706449955183278 1 0.672431259007592 0.803820075074268
0.205026939154569 0.0739406671700957 0.206200504043498 0.0729095964481079 0.074065868642856 0.281317801961166 0.17007834590017 0.841753078751724 0.428191458021338 0.884744983096594 1 0.433898410388007 0.420686922982488
0.808062441601576 0.882126995255651 0.808132003317445 0.870535323386489 0.882128399387021 0.582708201298228 0.55632213215881 0.171448634400503 0.316105938363361 0.30743625314928 0.73577674095099 0.205810082533209 0.312898502316369
0.26694089091114 0.658526206978705 0.267776326208096 0.658563541856899 0.65856354185703 0.0959556086509987 0.153760969705872 0.372191772656767 0.388680562657313 0.609196065504398 0.784287840359574 0.628158154136007 0.851616116704386
0.7949262444876 0.284200640755289 0.794837294065946 0.284279074504165 0.284279074504221 0.318989645272698 0.399094646761965 0.121737346866271 0.178910586752392 0.659294805082822 0.719817533233892 0.51326099533726 0.85181534546367
0.820699795796576 0.498914807011434 0.820755663542824 0.472480214836804 0.498915476731286 0.147250116530104 0.257363411107407 0.26850532024405 0.119587522405467 0.824930856680847 0.704561444912549 0.653901241741043 0.663774778630555
0.52197565165048 0.741130854499914 0.521608737281315 0.774303292865435 0.741143133514174 1 0.845095739615839 1 1 1 1 0.687373338997387 0.659044070637077
0.732026391486182 0.961283747033926 0.732131344186882 0.992452274238606 0.961283615292357 0.89663841292483 1 0.828340349851822 0.771263309446721 0.334209022662491 0.602673140449587 0.629159249638156 0.660914583928733
0.871772203544106 0.380048835822717 0.871744350556204 0.491280663782172 0.380123424497974 1 1 0.130323802471053 0.347815842419631 0.563486447889783 0.729566420589837 0.42776088524854 0.415063463551778
0.542619564820191 0.0701834116989885 0.542306315050614 0.0779869241436189 0.0702215763306975 0.122323501673987 0.167214465081556 0.0912324591751679 0.0340791804789532 0.781839585702227 0.730832227490195 0.703885618556792 0.741315821786272
0.0989518874386594 0.501900352554056 0.0998444892958275 0.566252594277118 0.501963262698402 0.87705249360805 0.796665875184656 1 1 0.548687761160966 0.594986668540044 0.105336401275879 0.1232639380613
0.444283314635976 0.896667402362537 0.444755735914459 0.955431788504306 0.896666170988872 0.91203655132322 0.861295957527492 0.84078994180401 0.708117941592169 0.398764748771533 0.552962518238467 0.310105965204017 0.560475824897219
0.575985353797295 0.679930358775138 0.576309008085474 0.773016035736081 0.679942790441876 0.72123476064598 0.902836607184265 0.505281265754774 0.427868540314093 0.26202672839863 0.331374621078755 0.619179832886227 0.7311956936618
0.446006346638517 0.438063259022698 0.446635933427858 0.432686027755209 0.438086387706655 0.288568447350311 0.144617650779292 0.848496912111838 0.659982648857655 0.533472960273952 0.834583788257984 0.125250980911224 0.178174818364048
0.922085247063144 0.563224486098277 0.922077545565255 0.523550649165432 0.563253924747046 0.44676272645236 0.633299829219289 1 1 0.885031424630719 0.883873126078103 1 1
0.677562715000259 0.190280812175738 0.677407376249539 0.178208582667792 0.190389930572004 1 1 0.863227547402331 0.86909865994738 0.558833379982685 0.618128990452243 0.7442594846019 0.704203688685007
0.6630810914733 0.160707705467049 0.663222354316954 0.194329947242804 0.160749888416897 0.702286314676959 0.730878845765774 0.241405694399876 0.107878019217808 0.58219168355144 0.642203215025858 0.125648912184459 0.341831248546253
0.598470284966299 0.494907484123071 0.59871042177075 0.498536488626312 0.494927230439663 0.634830704448252 0.464110762757328 0.925736776214284 0.699265688179467 0.697618961094934 0.929889761393074 0.592458237954772 0.696629146271568
0.820145138344091 0.848986185635504 0.820197070998002 0.783691244484845 0.848987643521707 0.734877637101834 0.490429205196907 0.867655997081913 1 0.755205553999348 0.748494387061606 0.758743258917264 0.796408346306891
0.145625011750449 0.710346236862181 0.145055131877768 0.679482597930553 0.710342763337043 0.473673900281397 0.42952288655505 0.878102607578323 0.651593751453629 0.783107297648956 0.711666006447205 0.249516432722214 0.62197805784777
0.846279902938319 0.721872306994339 0.846240644877712 0.814771792949625 0.721870937068904 0.171588209856572 0.0652515117248659 0.424419926301354 0.726837711330465 0.878019012073396 0.730926390824358 0.665419022276282 0.850551303765001
0.134542791543534 0.87213038040692 0.135371565912996 0.93350863006844 0.872127194498446 0.0101120167765636 0.0168148545388853 0.285840792403516 0.236462798361645 1 0.86302201063345 0.660024624538571 1
0.769612649824335 0.524113057381281 0.769694393043147 0.439870860937279 0.524170858960394 0.210513861234039 0.475567447025478 0.847965791769185 0.889903647357735 0.903831591856111 0.746423938612154 0.826728922597881 0.503264175249204
0.730361848091214 0.24462484605937 0.730441788984979 0.232396941707033 0.244737214991888 0.741200671874225 0.864677119738353 0.508853491265064 0.775143054351568 0.0588909606435591 0.435378684371393 0.223331551948451 0.139149383609275
0.719816477451457 0.598727852482156 0.71970256563921 0.563891059206859 0.598737725758806 0.699065458369735 0.592754890534952 0.724789866831408 0.733021368551051 0.435754747896602 0.413634078405973 1 0.858029704778874
0.711575143822832 0.534866252273722 0.711435886536315 0.532844856044467 0.534882026455384 0.168282212527553 0.102207787246636 0.475774982108508 0.792585968048386 0.548989208441188 0.527352477516838 0.1807720340082 0.136817823321423
0.770598697042724 0.692279415923062 0.770529819188398 0.589215197567327 0.692280789512776 0.600098537658315 0.441807794140284 0.189561315359353 0.313621336052533 0.413656078377308 0.360871460613548 0.526159055424837 0.532681195815929
0.741583852439303 0.828066345585416 0.741679789923576 0.817380300487797 0.828067723796337 1 1 0.741920329575556 1 0.816676224687662 0.51534040004725 0.677557078226451 0.74967488311538
0.134729605698849 0.470659883240226 0.135548266874758 0.426845809852745 0.470677250447702 0.216413224395077 0.141028037955698 0.688264498341099 0.285547446890412 0.545533888739133 0.808692184697612 0.184674120911486 0.350876919142916
0.721141741216685 0.743825629841964 0.721290606420992 0.740272871245307 0.743823067979953 0.75329310642051 0.651619393932319 0.594674638058633 0.838661755873729 0.862624950092852 0.815901470519846 1 1
0.216533808523601 0.490518452172853 0.217145595270157 0.64216467194361 0.490530212175947 0.151216233141582 0.255356733028648 0.119556867343586 0.14860882731874 0.554638676430829 0.857661142580474 1 1
0.553880172850073 0.814501959673417 0.554156537277785 0.814500857862244 0.814500857862333 0.80726117405378 0.904235083050674 0.938570513226306 0.739279462562774 0.817000328565366 0.364651206371179 0.848334313241106 1
0.833866898425122 0.145986560231018 0.833817069051218 0.182585589819584 0.146269666800795 0.379257206711478 0.35815468070248 0.0305156688004485 0.0363749209483303 0.0258683621209501 0.0136197646866244 0.206435693523069 0.0364404461346529
0.163431790320995 0.791153239494949 0.16436228135938 0.791156341457188 0.791156341457135 0.393881314771091 0.424025104696689 0.625555055414773 0.716939975346738 0.771842803336513 0.810924786191668 0.467412803486417 0.588680027801767
0.248024285563891 0.54401552277746 0.248901759274921 0.538534626317156 0.544034688298901 0.0336727060496603 0.027953524458015 1 0.933936016756789 1 0.876324334527857 0.252058625259492 0.619359629765559
0.323734536491612 0.393481027791846 0.324434648822447 0.437323089780505 0.393580475767748 0.486586564877725 0.460166947390271 0.55052939373022 0.471641404358736 0.646746253895015 0.468536386295105 0.847793997497562 0.66500331090884
0.241858810889649 0.469156693755055 0.242851935601887 0.454568271508837 0.469161026098729 0.00781275272856108 0.03262908018836 0.248708595753531 0.184346430740422 1 1 0.895752694346395 0.918457841399873
0.529543881252648 0.905614334858509 0.529848027838555 0.872302919856769 0.905614643968005 0.290323416937866 0.564271135498699 0.589465546382223 0.598512601456367 0.505458242049081 0.53437965623441 0.258233999024409 0.158268568391494
0.772286335226464 0.568772011356466 0.772219388718425 0.598468873602747 0.56876315405505 0.809847455119206 0.886850969389232 0.56077233485379 0.305191290621276 0.469730485547485 0.527314270889561 0.0966133695825693 0.227905973880598
0.835762382000306 0.377777234762253 0.835808492645902 0.37784770506198 0.377847705062025 0.0196469395236046 0.0833593578919847 0.660011032485687 0.737433233100611 1 0.936892679811858 0.875320515496327 0.833515729876808
0.625231628805814 0.854962962833014 0.625044477668677 0.925004242343881 0.854966920559292 0.293425003681148 0.264562702744539 0.518165716171182 0.34022267194608 0.775843327890149 0.837706384818872 0.308389024558449 0.329809753049893
0.153738677058365 0.31774979508363 0.153158058504381 0.351493601523922 0.317836675655672 0.392710626366694 0.412013266576812 0.829738504880603 0.874084790959335 0.892214160685386 1 0.301824050070177 0.259929373409984
0.0987894481152355 0.0727515642596612 0.0996037676570213 0.0662060573128671 0.0728386073316006 0.265400256905782 0.337902127189954 0.108546778645425 0.0364789098138281 0.53191061281687 0.785488006627749 0.776288198807988 0.653049514111358
0.957038948177434 0.820277957613051 0.95703603744118 0.836190052463507 0.820281684340274 0.40050950880069 0.479622308295838 0.692429725467545 0.902651556670164 0.38921944593024 0.273152239433504 0.764066735348069 0.724233814465545
0.226602311235328 0.0513798720880547 0.226070862186149 0.0502699327166061 0.0516366597996502 0.93006582663391 0.808365520295468 0.700312579696838 0.722130235160019 0.103851420058843 0.0639045460283062 0.26585996830469 0.0588414263331052
0.97924739980221 0.494907374604056 0.979248088477786 0.494947356718297 0.494947356718303 0.855840512225323 0.869660198098146 0.631340355893001 0.696224180788793 0.368407821166472 0.721488120150761 0.303703270416004 0.32328932653767
0.0522503749143872 0.397456467081523 0.0531290808275724 0.372523653019428 0.397534188846976 0.815208177442789 0.764823112500701 0.649612620173385 0.710512668839045 0.695812690209049 0.742316999774989 0.124121424808194 0.208936640175533
0.463695716499524 0.22805017797672 0.464079016900856 0.210311822969867 0.22821520198579 0.679287619127467 0.399600479330874 0.76248926943111 0.75632629673596 0.10214106037912 0.129400344996951 0.886336215142801 1
0.487835388406862 0.572045662830536 0.488345712644442 0.560833429606491 0.572108033538184 0.693976023428674 0.802454543554114 0.377225155396888 0.430853743557156 1 1 1 0.864446520002773
0.641883829091017 0.977963432723349 0.642064589069454 0.996494366091988 0.977963411597243 0.772092183259566 0.935449320740285 0.172040525460414 0.514221635325398 1 1 0.90571497299796 0.938808045101654
0.551658236766282 0.995873380476287 0.551193817531273 0.872970158704906 0.995873374845827 0.0354783274201123 0.0279344746071399 0.112173287545385 0.125645763496668 1 1 0.808841760672614 0.736633010035495
0.754185079581523 0.168401279970923 0.754102856790437 0.251260258309824 0.168533089197345 0.900799654454147 0.631993026760611 0.57617972604606 0.523098073400903 0.624880396902027 0.9155638438142 0.929320412254531 1
0.420998205742852 0.629924130516908 0.420587512178169 0.604037190702887 0.62993848284216 0.702193140424544 0.848917480952641 0.633028565291857 0.698417360437713 0.629187229190756 0.722565488749345 0.869768742963752 0.547499007912036
0.51634256864538 0.741510040796352 0.516769150413659 0.905498323960227 0.741523526312419 0.764714629799831 0.898851528683939 0.933523742659356 1 0.249832185792718 0.314036505483995 0.74225960619458 0.670593521050707
0.247908475907621 0.0878349153639752 0.247220931790712 0.106568285819008 0.0879752465120291 0.795915728581509 0.689565281314807 0.0687728317957093 0.0766242014529577 0.759262684328593 0.734898278085883 0.48793186385833 0.579438777160545
0.811050727422084 0.75585203269786 0.811116515264076 0.764689431907515 0.75585132580832 0.526385922536419 0.73924828089877 0.274735841942261 0.498924372580969 0.773735915043085 0.896622948313381 0.930142275983973 0.935871268671866
0.881879090597145 0.521336698190149 0.881902606589586 0.556466720579815 0.52141111264615 0.0374505352471308 0.191787069090377 0.149449046768464 0.0712841160007911 0.760439991837585 0.694742277891315 0.57564233035002 0.668087917524767
