prox_p prox_int_p prox2_p prox2_all_p prox2_int_p iecat_p skato_int_p skato_ext_p skato_all_p iecat_p_syn skato_int_p_syn skato_ext_p_syn skato_all_p_syn skat_int_p skat_ext_p skat_all_p burden_int_p burden_ext_p burden_all_p skat_int_p_syn skat_ext_p_syn skat_all_p_syn burden_int_p_syn burden_ext_p_syn burden_all_p_syn
0.932594330477224 0.5415719214608 0.932586056368734 0.541571529836608 0.541571529836538 1 0.658434225319107 0.25070537774728 0.280606749860765 0.391429114387188 0.44406933674817 0.311685070877494 0.30816934474654 0.2049096519643 0.444620301053216 0.394474864320371 0.259125201141797 0.13546183755109 0.154041340149832 0.238244277029975 0.180092184696715 0.169923799261596 0.937847013167407 0.23538509519443 0.389239404842436
0.468776444381435 0.526393158318116 0.4692609582296 0.564639134489506 0.526446402577135 0.282174008844104 0.299194526075614 0.536725979939546 0.93800924937122 0.574064522751981 0.509871392207733 0.0979054736116545 0.499122629424802 0.964727622683539 0.32249664086734 0.756374049951438 0.803307512783418 0.576158752486888 0.862067100734536 0.327625919572874 0.0491656880096004 0.328238436250396 0.330657078164726 0.622056090205481 0.312199078615285
0.0044472388199722 0.011968550429157 0.00437153634622904 0.0113989901924095 0.0120640818568413 0.925126402635279 0.882352898115934 0.779835674337889 0.917095553522185 0.100735763948103 0.0608808739886955 3.26981772382773e-05 5.24460234355706e-05 0.695266425808981 0.535569025083117 0.758157990080132 0.296987427338107 0.976451347984372 0.717205621171747 0.187473831883077 0.00029141042859393 0.000623864752652414 0.019376543904167 0.000291933982005256 0.000305484951707444
0.543236153042811 0.750715798059042 0.543014815439086 0.750726974987888 0.750726974987889 0.791483393528781 0.731784616322886 0.0403505447595881 0.332683567833995 0.469613043844478 0.653640157528447 0.000431667047049888 0.187949343417856 0.781299425168086 0.104161024864818 0.228217670709898 0.577811794575526 0.0306190471864803 0.22013697165453 0.910068441417371 0.000310883400707729 0.0987351825726546 0.415755131477689 0.0146321471527103 0.286390571840947
0.702914793917051 0.543497523884093 0.702808498353304 0.543498829796088 0.543498829796058 0.0437734972682224 0.0269949916200701 0.000611156920224398 0.000277990240162951 0.311341889131487 0.637678006571758 0.0731275440828982 0.191986644740842 0.0265114764661548 0.000371727828534896 0.000153883613565386 0.208910463367084 0.0469432741890648 0.0498241992649302 0.393174397760827 0.127936918051496 0.147851465772633 0.832670800926914 0.0519626623458665 0.145084741942579
0.53621619570897 0.0466621535073759 0.536530123762531 0.0701035043317887 0.0467962921907592 0.134070030619351 0.155570636433386 0.00024822811245151 0.00490629005553989 0.376484931642429 0.320172708913187 0.189457969054795 0.747355302851349 0.70339432480841 0.000945869937283628 0.0707993808119769 0.121769232821919 0.00111146962596398 0.00395102272205098 0.901093797493631 0.400070771223462 0.901447572753326 0.177827660172287 0.0999355734008955 0.504916783253361
0.0072944577885864 0.0572714617632124 0.00714882151240258 0.0635718076189601 0.0574380061397016 0.0437791657894891 0.0744901660942962 0.874126481742986 0.688744551307537 0.0672670347590352 0.238423697393351 0.00267981455357391 0.002104015950945 0.673303224729042 0.842659146886045 0.870334502145388 0.246564448939853 0.651435430930523 0.447509689073858 0.489825314024563 0.0333420602814489 0.0107174232440388 0.130785223048558 0.00230617273198794 0.0047920040046399
0.293433040062424 0.974567262761209 0.292827579180893 0.996489434297131 0.974567321716023 0.303424227086402 0.467049465358012 0.0242066282806782 0.129011860527903 0.511222882240493 0.589744152198892 0.00221401404328658 0.0276313793761616 0.560249754976414 0.0153729886017819 0.0653661309578339 0.631664732829016 0.0874902334020638 0.370743281043621 0.472336830257697 0.00314275268934794 0.014982834514212 0.701542784192356 0.0135657259253578 0.120447375198394
0.302280049304931 0.815402245682776 0.301754440968521 0.815411155984027 0.815411155984132 0.30721248382824 0.342848440156258 5.86581084384141e-05 0.0210365590879827 0.371404148664166 0.384393852055665 0.000191913448437386 0.142100692702649 0.560796065457216 5.44123958122755e-05 0.0111149198351784 0.211633491855663 0.00590659176421762 0.150706108183585 0.784865241356472 0.00111153029157296 0.184985411851687 0.212361992014631 0.00115842283230204 0.0908048612545128
0.585681811542944 0.543517178401191 0.585981061374715 0.520140721156814 0.543509669876444 0.742080061433618 0.825687414336245 0.00655492249183853 0.0231978144080915 0.44893119894516 0.623139987746892 0.164452068217849 0.297276336808674 0.825907776551022 0.0375202405352939 0.298373998095752 0.172628246482803 0.0078128167703322 0.0111057805601834 0.647925185328422 0.0870513699274676 0.163441197462953 0.809266496925236 0.231337067923089 0.414605606958305
0.194251035034482 0.34468157303803 0.194987059588115 0.334520537431691 0.344760367630392 0.699224933007952 0.840719647021409 0.0711403371520004 0.168125589623334 0.416413699528834 0.827527941127219 0.298320019300252 0.508017603707382 0.701537482535307 0.59747968512494 0.441869848815978 0.617104045789809 0.0354966230272267 0.0866213547112423 0.562854579788356 0.164006551584361 0.303558338123106 0.420783678586374 0.993506343916245 0.745407975888432
0.223835888516109 0.583335453400386 0.224557546751032 0.582326602868576 0.58335873021798 0.646318221244554 0.535689521837982 0.000205041474435341 0.0144272146524048 0.126505925932206 0.148849519251006 0.305993966668102 0.461659487314921 0.544284028193254 0.0233269369154799 0.167520106040196 0.81357081540025 0.00017705909648074 0.00799476054890067 0.790844502233795 0.201010873017264 0.359751647206158 0.622837266804619 0.209251667484119 0.277357439089118
0.457706689135331 0.766275991296252 0.458142294046166 0.65377850860622 0.766275008395638 1 1 0.0145329649904882 0.300499302686306 1 0.84930100802546 0.592727077008396 0.82029918317026 0.771471433669008 0.0560851826699988 0.313328147651913 0.529260860747968 0.0153298861969296 0.17200714802101 0.976791881084524 0.987483376243102 0.974969446332777 0.934865898834714 0.368151222479483 0.583028798023672
0.918932924226833 0.147507630975303 0.918942730750308 0.157528833172568 0.147612785095958 0.623923494024166 0.873701786577494 0.00554743332031404 0.0132502123560863 0.379603600149962 0.40557820380906 0.0385744822765069 0.822838229633802 0.624456744756293 0.426913870753713 0.415114297767516 0.155717720606996 0.00242918313131831 0.00616160437595047 0.867528731673668 0.0437676224850587 0.701024817708317 0.451637157447208 0.0447968066203632 0.582337022694699
0.465342130655982 0.459027300055042 0.465021283300971 0.459081110010905 0.459081110010728 0.782387308679415 0.607611863476135 0.345908903540244 0.319026699560487 0.441024348492998 0.372380980412661 0.0715551059224406 0.455132797597482 0.246355272972485 0.396804882972788 0.175123575959812 0.999043865270515 0.194488562780031 0.305630350306628 0.675053142656443 0.118406943943331 0.330859127056078 0.350786192793128 0.0533385274465695 0.27918047951397
0.235567206846711 0.341232546773581 0.236647008262149 0.25301842365658 0.341418214737877 1 0.868408548102248 0.0262657745726008 0.366446550957305 0.204851431156092 0.272712505118244 0.156309637101895 0.468280015513432 0.994737184560878 0.0183160049198099 0.533252206249696 0.550242401778254 0.0703603536625594 0.204976477305211 0.830028368867974 0.0810257367113715 0.654524817098137 0.120476348430493 0.846838133391533 0.275049179195578
0.0953512956272606 0.020901288262652 0.0950308218635772 0.0214754957237707 0.0210104510083889 1 1 1.1210152251917e-05 0.0309424986369549 0.111581050624345 0.270988924038163 5.80716194131803e-07 1.85163510155739e-05 0.900990394414198 0.00108109514199706 0.155152421911855 0.211653582261116 1.96347175992685e-05 0.0189492672836865 0.247177306467625 0.00917631556778908 0.0246836546658226 0.0557912948634781 1.14825172703414e-07 5.79666382266778e-06
0.129775242989567 0.904746261152975 0.129300652942406 0.862221783881506 0.904747631715603 0.423319470730995 0.77441505545936 1.1221407560047e-05 0.0243481749807383 0.696059990722494 0.627692419112226 3.53168872179177e-05 0.0203059306201395 0.518662874638644 5.48447765125193e-06 0.0114300834786394 0.367598934432974 0.0156710680360586 0.333282451497788 0.564465146717857 0.000455712790215057 0.0341510396091192 0.394510597365932 0.000206311467542318 0.0295849641563957
0.205949227819102 0.529467891870919 0.206682007001419 0.482811805328761 0.529503791052752 0.347621620198709 0.460968364571184 0.13792308469196 0.158030667702223 0.909735772936415 0.863201821251931 0.0295106718466602 0.54811042707345 0.540973468507875 0.102472472473269 0.081064818916361 0.998523100903714 0.13174470122848 0.337614537447683 0.777025376918261 0.013892135312758 0.433750409809087 0.411739551492645 0.647764343358284 0.334819021669485
0.0661717182321493 0.293631012038337 0.0657898697166872 0.298614518810628 0.293698374389914 0.742132580663046 0.811914008898493 0.00385184305879072 0.152660469050081 0.750805034193606 1 7.52717132915745e-10 0.00679975918060927 0.736924276037037 0.0017582446397244 0.0780461550439613 0.309987688406944 0.147185433797671 0.528224011923337 0.673765814476713 7.31886047012238e-10 0.00484658542805949 0.57056053779371 0.000585144985405645 0.0429054970625188
0.00332246164023168 0.15479216156017 0.00344282524679929 0.159125142207621 0.154946780439702 0.163398093366948 0.211020594733415 4.9339736374332e-07 0.000505725483996855 0.00203108800388552 0.0136296989327652 0.00149403076171639 0.116096544874273 0.977874122294895 0.000251460510677037 0.120400644919804 0.488780335892429 4.48391785626331e-07 0.000219031460583701 0.344428243987377 0.000600008684514375 0.0588087846319538 0.221308490734705 0.869941685894417 0.63419492805098
0.00108039295128892 0.584084612255761 0.00105927154430893 0.531085713787295 0.58407968070458 0.596308332513053 0.827933090247862 0.015255150826193 0.0328630516838625 0.557887738837044 0.64885428497381 7.86704966742211e-15 2.22694720076744e-05 0.441031051094983 0.458295070143575 0.31165917935486 0.189147501676556 0.00694432161352561 0.0158464462075776 0.743676727882507 8.98623155887179e-08 0.000401542859791215 0.741803995876483 1.27921376923943e-09 0.000110874788902269
0.304225459357292 0.386154332521772 0.304764618726222 0.386199083039319 0.386199083039339 0.639617849356669 0.513957011252966 5.89650391413787e-06 0.00407202700007958 0.760871817983932 0.605755612898738 0.154738601259968 0.211368276008466 0.385520466161455 4.24009210640008e-05 0.00484248738437243 0.425466993791795 7.83812944857816e-05 0.0179448398365316 0.922538128547626 0.402044969326664 0.735999945528118 0.632908129528995 0.0800699693519633 0.112143078181645
0.111717246423504 0.596774029955239 0.112586449595939 0.650515082220236 0.596825278735924 0.521457941201293 0.340408764176834 1.37153415827873e-05 0.0601481412353968 0.910935323070999 0.888220541758484 0.566041312202713 0.846101686746013 0.771870655875206 3.03547940738724e-05 0.0395236755012697 0.551606218080912 0.00170606651620167 0.0977096153095609 0.678721921680727 0.347618866929878 0.61570285333654 0.287168163608345 0.740996791670293 0.73569554423557
0.115318241977291 0.872761750799962 0.116128417982952 0.876150124712007 0.872761136664174 0.877000610533546 1 4.4356759467874e-13 5.75005593606015e-06 0.505691612776941 0.719911948614379 0.0282407105927865 0.147513388238507 0.887329174540202 0.00915122275392566 0.0551841090330627 0.644218196740815 4.06132552602947e-11 1.1382446777129e-06 0.723227764295098 0.385110420599865 0.358206383364383 0.90926575644327 0.0134810315366273 0.0771512819061257
0.496552199990098 0.229326791269406 0.496914810934124 0.208764755048354 0.229384584489893 0.412058428488139 0.31557717147295 3.02423972620147e-06 0.000395404803626431 0.204860331763883 0.128304542512273 0.0164412826916677 0.0379578532348578 0.831117615525084 8.32434725193121e-05 0.0310857201508015 0.137929608971865 8.33865699353715e-06 0.000325860588444047 0.077874581904072 0.0356513463863284 0.0197818775498317 0.686847888534357 0.0208834239243786 0.152001528070459
0.00285905542075485 0.218023205340815 0.00279029962883141 0.204267361692256 0.218115937396552 0.18440580007436 0.300876368833347 0.0495714695989177 0.131412638016373 0.485614222560713 0.556963049265267 2.98207899784853e-05 0.000926302236267218 0.394649942692641 0.0237513172234447 0.0664224401658902 0.272700730493571 0.533804383148097 0.946886683929664 0.885568459175948 0.00525215631505616 0.0580369247953558 0.471783738614138 2.77620539405349e-05 0.000531876842409727
0.0257421412852168 0.348920813350212 0.0254858586134228 0.432756889939938 0.349021081256441 0.6868127821706 0.78132752353202 0.19041556640909 0.409678131863293 0.113025105905605 0.283108552370549 1.08923738743602e-08 2.7389274419809e-05 0.984401528920525 0.869398023891246 0.966356077686738 0.955164530934937 0.0994318557170668 0.23318754678966 0.91631151983829 5.73060250363966e-08 8.69707451489621e-05 0.276538403374393 5.70920794292734e-05 0.000397201953212533
0.00141980370665415 0.33187155138305 0.00151594538430407 0.325204127974358 0.332001504403894 0.674259425843775 0.827353038546904 3.0923279050932e-14 0.000341110755889829 0.445935448279122 0.604957184414361 0.173852424402687 0.182475124082739 0.860890372811612 1.31515052975247e-10 0.00247949782031276 0.7788561445723 8.46738350208324e-08 0.000996440631693199 0.480158061537821 0.0909543270098288 0.0956196453800813 0.33479312098358 0.797987017130412 0.679020461047712
0.58441941663997 0.766260649201551 0.584650880421328 0.782967289160548 0.766245243123651 0.312625972473965 0.183280991249543 0.000486378043633273 0.00204078603111069 0.150600466987891 0.30748819383736 0.0396572385381386 0.0128877804868374 0.838284383792996 0.00779325552286525 0.0813671516455643 0.0195138823459422 0.000944599398675025 0.00132550110095496 0.152476404209004 0.0299989011185046 0.00788448842152856 0.171991986369807 0.0796805957898139 0.064952502929346
0.224029187834244 0.190643355416647 0.223405829926962 0.190870121070806 0.190870121070848 1 1 0.835442745758808 0.817166731666136 0.393857588360403 0.332264103098261 0.00459348788300407 0.0205134389083775 0.963441734142719 0.735970602212413 0.896753295665902 0.865577977681941 0.600697125533417 0.578272451451437 0.470768996655889 0.00269875265534336 0.0232569548806907 0.0831042836248392 0.0557518701882154 0.0429890600107853
0.942026044798989 0.797020031594445 0.942022106466037 0.659865046293957 0.797010334899737 0.0736390648143113 0.159524534217473 2.6689864887075e-06 3.42199760006157e-05 0.826292003720872 1 1.54664922258352e-06 0.000294609336066953 0.89599614988355 0.00172471647020023 0.0202275389198325 0.0435106053137168 2.19189660805448e-06 2.06526809808192e-05 0.83690180680884 1.53820304249486e-06 0.000742554929468842 0.250485393707177 0.000339171661502082 0.0028099568640189
0.363376088102252 0.198634601704122 0.363047211635714 0.19884335197247 0.19884335197247 0.703505135399841 0.727627888803305 0.00666841905106663 0.0846730709090792 0.773398733309641 0.588439311626121 0.00666765102542399 0.01203817395903 0.403250777537702 0.00495284571712862 0.0610313012833339 0.622887388490796 0.0479238032121787 0.109738166847332 0.914208008892513 0.0454166821523621 0.339104534595017 0.0458949760057408 0.00567878559589808 0.00545945270984728
0.986764189644451 0.810273759792752 0.986764474092237 0.886308489655154 0.810272000400579 0.105150034959529 0.312211244102319 0.0174845140479913 0.0282732847863688 0.506962427949212 0.518168199126775 0.224604255716494 0.42029230443445 0.390995353831949 0.0325158314835297 0.0209801278561388 0.486659394777378 0.026840192080093 0.0674593599330491 0.497644212637924 0.397116887572248 0.452341581301329 0.84931993593253 0.12132550784462 0.242579735405143
0.266983975939864 0.368711178724557 0.26760638745214 0.397607919737939 0.368680048137624 0.224242662363514 0.335406788231053 1.98204105650301e-06 2.87683781555748e-05 0.600125956053011 0.59595576117754 0.00665727446868747 0.0389144381598905 0.870380836664591 0.0207500269408303 0.0542752170653421 0.0283859698508735 4.2760644398761e-07 8.85712458824982e-06 0.256646175868859 0.00911561167964359 0.0330454924943946 0.628130839438877 0.0230686404977532 0.0709892732915535
0.395106519977103 0.997586475953017 0.394654149016848 0.997586475592487 0.997586475592558 0.102784750953582 0.295008555513466 0.617025940096321 0.528897169260363 0.542778432820571 0.4799506523082 0.169070475265359 0.459554457884964 0.498649655648647 0.395831285103416 0.316532417843814 0.807573333937999 0.389601646511857 0.539662409726491 0.206215953303999 0.635803207990277 0.590038682629191 0.848572179283091 0.0881695297185431 0.269066956445983
0.287107683388334 0.324036649329406 0.286552396482618 0.313925788859138 0.324138373231876 0.756004906630598 0.790950011166183 0.0682901886458049 0.202198719070757 0.707928591443182 0.379647879269315 0.00713155126308207 0.246287896108864 0.873094433359655 0.345027482710473 0.330007861140292 0.844680459646955 0.034001665027775 0.109867144525494 0.422571675819792 0.0638428845798638 0.590685408211563 0.29501319278089 0.00521653450390577 0.132588384588588
0.987556837084767 0.76616659117066 0.987556616518561 0.76616796495405 0.766167964954021 0.0491588003780664 0.124053481543241 0.220456479684639 0.060655325453956 0.407668501362123 0.78993803894958 0.657403041788171 0.677262414094659 0.0619036019650789 0.116566869798629 0.0294175774691889 0.667492821361759 0.720803406232453 0.917669777656647 0.66184173480286 0.422142680718031 0.439449832353454 0.968228698609673 0.746803716579281 0.806930427132847
0.394370701028936 0.992627010877111 0.394044989552533 0.921681034690159 0.992627012956457 0.0546695048218991 0.0696230225967829 0.00224724290324851 0.017342780862597 1 0.637814694185818 8.95797018978239e-05 0.0231557226758636 0.0888384299621632 0.00313523515964209 0.0152257984983049 0.766006916563785 0.00964614753554426 0.0419849673352498 0.960984470217011 0.000110502206871921 0.0240550620488749 0.809321853773609 0.00236846984445857 0.0465308268478406
0.0109981946811662 0.603551931126429 0.0108362671550692 0.603565894226739 0.603565894226761 0.791495666544387 0.696268771081247 0.657892738540164 0.733164931316452 0.888330752208276 0.89960274315456 0.000778466725531057 0.0314829002455983 0.778892541987097 0.784133659738574 0.812793867254103 0.688064978362516 0.42019436036004 0.488913992017585 0.766169271222756 0.00107980675157382 0.0337238571017506 0.737159106429167 0.00860665882744754 0.0524699409308438
0.312225332187632 0.234547691368137 0.313038586981155 0.328441277934284 0.234786717722004 0.639386447229112 0.673129531389247 0.0103535189363024 0.182604698702054 0.784930664684327 0.591111549459957 0.353899494878458 0.908398019305166 0.699872374757518 0.685496105951261 0.700615331224591 0.641355465927276 0.00464049516959242 0.0947535867776428 0.910304749059874 0.198785457726588 0.825948112761251 0.0752889624230672 0.462464763939705 0.704553620710916
0.855765574615944 0.713435958745751 0.855794348282305 0.71710211548469 0.713455386949749 0.570557731767035 0.641874007397471 0.00371079187777135 0.0264164757866082 0.857128321914888 0.793035216382073 0.0798717122492555 0.134504621996862 0.995137638938912 0.148993176336219 0.45533630136777 0.475838947348623 0.00188802799861572 0.0122842075009121 0.458637434866852 0.252995852479426 0.28712084217252 0.341797894646282 0.0421664488352378 0.0726568517144323
0.15388527009291 0.35138246966172 0.154749096079784 0.382176073056046 0.351445069521896 0.871828112221672 0.932265969196696 0.0193645247330768 0.0608061232784338 0.253573211947386 0.576145643188361 0.700775094711738 0.918966875200599 0.660042351588097 0.327421856739885 0.322878225418641 0.44055796343961 0.00902463962873571 0.0303343317526868 0.686038085826263 0.461285379375926 0.723687177730343 0.568918692086492 0.885998364299647 0.915963838870023
0.286487641382593 0.55942497940602 0.287202934836695 0.726464881371102 0.55945369069864 0.807961628291869 1 0.00031844937725467 0.0270451790205598 0.886276874511003 0.560314693266914 0.230557785732838 0.462976789852064 0.693120035073349 0.120626613182499 0.505455841655108 0.811803190225554 0.000126550312798264 0.0126339296898845 0.615260545036896 0.158373942740246 0.343283602318057 0.599388512686387 0.172941065898629 0.281981964976927
0.830703673364835 0.268739462575813 0.83076182983045 0.316893966175459 0.268985052301571 0.220092045873113 0.243237266232782 0.0127696571283109 0.571966839002446 0.116605656437704 0.162520651584514 0.635150027967231 0.710547201251886 0.985106635459427 0.00634509980823217 0.349223295604739 0.323780283531789 0.150647562585592 0.627277519772781 0.500351321034838 0.402906396152249 0.469510749925692 0.0417197832441228 0.477371437426702 0.737573601235164
0.000390160165247599 0.431587202866014 0.000378513884645678 0.382471579310331 0.431626778719912 0.842338545070771 0.674584615914558 1 1 0.779652877454029 1 5.62492915645585e-05 0.0126944344425103 0.291088618816108 0.993177932411512 0.915949333379392 0.609892680025686 0.780713023026111 0.978117021814537 0.968325827072944 0.013346816519311 0.21404668795304 0.554624386448855 2.85528051456752e-05 0.00611862591586945
0.978437771162521 0.763331229758074 0.978436971615681 0.931706063237211 0.76334036788296 0.253185946172059 0.212911671254837 0.000587988395806205 0.0233304371769723 0.128457499354831 0.263984014480912 0.0843692062856478 0.137839845319081 0.648470779101909 0.00107434437107456 0.0173272289502056 0.726641842255372 0.00598572885030564 0.0627141325853909 0.129713013432641 0.149157704292918 0.111618389993492 0.558111552760636 0.0563330357340706 0.115187859531716
0.391868116941476 0.920153239224843 0.391577663272091 0.979085260101926 0.920153435607625 0.323052453034213 0.709858465722225 2.75866595567109e-07 0.00235375658920434 0.582015849052912 1 0.0210214528680021 0.157770837167761 0.583141543718887 3.94095127642657e-08 0.000964597544460544 0.954505637352136 0.0802475553970762 0.320167898234983 0.922507237745987 0.127439393553004 0.290053971078366 0.865969529809046 0.0128430268580158 0.0863057831172086
0.447169021785308 0.318152560340594 0.446831215077524 0.287589766909416 0.318344060437299 0.165243076497679 0.657469284417712 0.00260927032810077 0.0060530404614445 0.107040593003789 0.0572464517653731 0.0388539369618223 0.013180896443824 0.356641400701953 0.00160283170689191 0.00321116178527814 0.400600991073408 0.068236483629445 0.11242610140786 0.149708629820797 0.184178968626037 0.053387911382164 0.0688693656494673 0.0206718978791138 0.0113277059487581
0.410879917353001 0.316287124120057 0.410514383715178 0.299793933897782 0.316346804380928 0.666694830527396 0.9125086751543 0.000559953637445432 0.0179434425709842 0.841619461082089 0.914278364882493 0.000339054806787087 0.025390764726139 0.897005469559177 0.011543039518003 0.277693121726135 0.346887864151652 0.000895673366793601 0.00849147820247657 0.923631327217869 0.00691113240458296 0.0610091079675983 0.57916564521385 0.00054356514482597 0.022740085468621
0.718640263824322 0.978823423347464 0.718729648058395 0.987188100381536 0.978823454762215 0.655387579938512 0.845607968737695 0.00230665325685664 0.0868291406153001 0.45069978313069 0.499314542837076 0.0934416051197504 0.582939506960911 0.702133337789058 0.0205639109166126 0.142745469280045 0.631751752674744 0.00352458975462531 0.0597620052268616 0.802684580406692 0.117682082847288 0.489261686914744 0.699276623719456 0.0726076951998636 0.358928511728669
0.0989493837500573 0.978269066509766 0.0984343639599498 0.864409264357938 0.978269082514714 0.733043958155479 0.676242595868541 0.191281673755771 0.491321362287099 0.622981248978146 0.716951653897047 0.00137836554975468 0.0453126710459782 0.933241855476074 0.503531869173552 0.538021683339077 0.844043103001657 0.0997424849167585 0.289121406561634 0.826875438156692 0.0318822411695299 0.235998475654806 0.856216029461388 0.00103327610727904 0.0233952754408088
0.187002101705741 0.170927248833663 0.186640896428055 0.164615706679699 0.170967173513848 0.310838895400402 0.389653583351924 0.894604830093514 0.746161026015757 0.69653857999669 0.694150997570039 0.00189751905282953 0.660510930592694 0.725426945865674 0.763590378975035 0.803727576237754 0.0226632864204943 0.680476621159418 0.50070173939913 0.824505238045832 0.00113658886426515 0.425368662316643 0.943019316063763 0.0401542952111516 0.46852614535012
0.40729916468695 0.0739051157665489 0.407702888728792 0.0953872951910732 0.0740749045415322 0.604851008125419 0.819402576620889 0.207565492184162 0.395277220867533 0.73542923288465 1 0.605676223666602 0.7367849836914 0.78854575310268 0.134717252923336 0.225711233059258 0.650163558668529 0.173862286096713 0.275167798012835 0.817682727483715 0.380638214820788 0.663424164334211 0.0560767249852372 0.976237425716782 0.496304892263625
0.215687656002757 0.155022768109844 0.21647474309895 0.139827201170493 0.155274101415108 0.653576048199359 0.558713141013438 0.0115842844132723 0.109997716451149 0.0404735588924984 0.0322858652121591 0.653728432082804 0.690964938013618 0.420206545582085 0.00919870557086999 0.055190987803777 0.496705282573408 0.0430961037046892 0.241818112943229 0.389904377809641 0.419315526600275 0.597111096078122 0.0271538927257718 0.997790569550115 0.451510973366797
0.946296720200061 0.665063626656312 0.946301491999726 0.601507520215126 0.665117161998583 0.376595029228834 0.480549662228065 0.000296999411830923 0.00524965130197674 1 0.841068940450937 0.0537172786567537 0.0485176758894481 0.607362619574186 0.00321441414437629 0.0415755206910786 0.100395667153541 0.000820403743402479 0.00597333680424531 0.576034001615163 0.330443018129274 0.366547878940094 0.10003456682536 0.0264959536087321 0.0236124316623661
0.770981649352938 0.216872380891228 0.771065781121189 0.23119484709298 0.216988444075948 0.706179604941843 1 0.00282004296103699 0.108374572398701 0.260219140708748 0.467174726658662 0.494769031653357 0.432342926607611 0.956531747318061 0.00187597498303516 0.0541896483580773 0.357054341922138 0.0573394521664695 0.302921793645374 0.240727847156747 0.537198010366276 0.297901354340624 0.384839033192549 0.294349337335146 0.269633228719718
0.233526553679971 0.738006286907578 0.232897048391229 0.846562104105203 0.738013933977427 0.846884592887857 0.746120292031475 0.258470621559525 0.71174562782764 0.562598768097278 0.733817941614541 0.0479011142140565 0.515440657268077 0.559218540795283 0.138529094800382 0.468201319338288 0.929703213728353 0.641480945392323 0.999964428271831 0.853972945718735 0.0373765776546614 0.308415550467014 0.627056044404811 0.0774691224593005 0.372547718002592
0.899694465446231 0.274299108611671 0.899681685598977 0.283559511013576 0.274398626237424 1 0.913470492298999 0.074490030054302 0.285562170133362 0.714136024481371 0.629244100989612 0.152347980444145 0.290840420613741 0.915266257427152 0.411286882778748 0.542219357048241 0.556331109779616 0.0365383636836225 0.15453976937649 0.926285542148309 0.692168478501124 0.926907098856118 0.347349783782903 0.0785948086375932 0.159356943002892
0.421432597742619 0.110562093435739 0.421093307155661 0.120164474991413 0.110731456733651 0.0682992911500833 0.248923711069086 0.183995803504192 0.0876018174808175 0.867816761957411 0.817844960073316 0.181044013517533 0.258029950660553 0.261932427851569 0.0959682216013861 0.0433178281369739 0.542513714204892 0.541724209635351 0.744865714233219 0.836594428250685 0.160914680320444 0.616629088616515 0.124885198698409 0.129972462974471 0.139489960443662
0.125194291714128 0.887909196690339 0.124433291872301 0.866526789625433 0.887910834753341 0.663825638576523 0.399682898407098 0.168600102870824 0.172481822716425 0.921321843907588 1 0.0118571578057051 0.1708198566053 0.21308041371907 0.096123577612516 0.0889943593374057 0.630989074293543 0.181292532673797 0.433851417095759 0.956142736796884 0.248534532746273 0.575975614811227 0.607244616631998 0.00550525882016437 0.0895465337723884
0.00194533532602778 0.695478893618054 0.00191116356185794 0.76124492258303 0.695486680168591 0.692822485161616 0.857715059364361 0.00670637067487823 0.436258890199302 0.865865509482728 1 4.49943762055153e-13 1.47015947926654e-05 0.925301568008662 0.00472069423362642 0.395746941522805 0.870119001875584 0.0576204723371681 0.254791133257969 0.72921856487041 3.05467279249072e-08 2.99557147218632e-05 0.716649742148108 1.00064098966655e-07 0.000288126273092712
0.368780985066319 0.580556749358823 0.369277282815252 0.602992824032779 0.580613497180058 0.415157316157295 0.157399595452264 0.0198910169441013 0.408911764526688 0.766882961744692 0.872291718929347 0.644283374339152 0.809063287947517 0.81486531140384 0.174468610415896 0.490798346840683 0.268330145004698 0.0112138204090239 0.23245200011476 0.630812950450312 0.712766205185323 0.571489003882198 0.120256206627702 0.411332394208287 0.925884152762376
0.735005957531717 0.981818747706265 0.734940443023346 0.928910399501688 0.981818785708744 1 1 3.96219170251122e-07 0.00336753047766958 1 1 9.01116379704581e-05 0.0122687938571392 0.828886494049926 5.23254947371043e-07 0.00218771813428398 0.387712220439806 0.00113591279813443 0.0680887830408028 0.871268507322414 9.65790044927806e-05 0.00722807848019258 0.481060447986459 0.00259381746029368 0.0760688735096979
0.926309769658439 0.124348088272658 0.9263039357324 0.119005484415859 0.124576083600638 0.310620907228226 0.443206396661372 0.00670082479672685 0.0613682152097357 0.20052519120645 0.122117321348536 0.00383647975121326 0.0114556480992321 0.826323166410132 0.0498071138238415 0.287509124362475 0.889890371414191 0.00690255344708545 0.0312704503253594 0.770619428987669 0.00415299900494337 0.0349333936249066 0.0426731183899522 0.0226493119124464 0.0135529295915041
0.000828920269704244 0.507424783295688 0.00088778383218616 0.51363011923254 0.507502105537181 0.563806206670372 0.385047972463805 1.41563200016811e-13 8.95370796094586e-06 0.283662493180588 0.628049766663539 0.582059741950312 0.597929236869905 0.347340782979995 3.5140431633829e-11 1.7634754482021e-05 0.638521066706561 2.86033581654491e-06 0.00181619164380334 0.514234250568712 0.359485301760683 0.382177975201331 0.265902758358125 0.471553688721604 0.378182834367862
0.248784754801849 0.417182793024268 0.249475839672386 0.417092337715825 0.41725037304599 0.424491524093562 0.614851847133851 0.142385309095291 0.337981394789243 0.0343823095783465 0.0879413430346724 1 0.859701159184624 0.801044247264175 0.430857112230105 0.398405056075303 0.906113152262655 0.0728361400163717 0.189068406312726 0.228298900854253 0.798052234186109 0.7163789929581 0.356305608584518 0.93574480917235 0.633990074919822
0.518776080711291 0.0147822401715681 0.519155468090797 0.0201615956684581 0.014876065428342 0.131663811950647 0.207915208805165 0.369429647030944 0.26705014090586 1 0.831226942280849 0.873633297731157 0.753018924595915 0.931611803972648 0.487415801560032 0.755483340505591 0.150068474793343 0.206835853825073 0.143415639397478 0.991761613138348 0.654258192437872 0.901593568630996 0.0513520285015485 0.904291348920048 0.511356612565314
0.191791676063511 0.0649744574879634 0.19249192193276 0.0594284115410431 0.0650647678171215 0.308524772272252 0.175624817624377 0.00567373956948269 0.00486875517392626 0.778230694991574 0.693825623846289 0.0430490050501845 0.189930853941324 0.698256848088155 0.116964836246997 0.159748748632429 0.0279252540791336 0.0032781904847117 0.00249244975428709 0.460692542640988 0.0206365372338996 0.0997436987415508 0.524274656419255 0.561655266074898 0.835749292861801
0.176890949648989 0.156585533054375 0.177726656730164 0.156658849772834 0.156658849772813 0.469900136090812 0.352613415055163 0.00751271045516588 0.0156697826767891 0.528309633281978 0.66589353078377 0.105673172437293 0.422165588391127 0.545736333619955 0.0164376322968076 0.0522953942932611 0.0726314634475973 0.0154925236773528 0.0177400860806824 0.835826377762141 0.053421657583739 0.243495397255339 0.691723323282507 0.884816920486415 0.922528549611612
0.971898100917687 0.516828870189764 0.971897036242964 0.542623436840273 0.516811549893368 0.178004718451794 0.239432654845717 6.4322772883596e-06 0.000814748240461904 1 0.891030739882441 0.000529779357550386 0.117500940173217 0.973537060962416 0.000152481024955797 0.100830718246157 0.108829652093292 2.06914735047905e-05 0.000386979845034315 0.644065686393538 0.00350613644665887 0.317255409450832 0.699215999314508 0.00159099229010852 0.0616223434590934
0.0687018668558443 0.557757582368337 0.068287863057743 0.693807312403993 0.557744009771094 0.160102173271922 0.0565543641759625 0.294797102083175 0.123968211287026 0.265434017982637 0.543209060675893 1.01696188089528e-05 0.000423747890060722 0.0381857298672088 0.654444400140322 0.256719117550375 0.0614184870347674 0.160431381366724 0.0699809122234289 0.317942860044906 1.13816023987745e-05 0.000369155876664529 0.452098763974322 0.000661967408602032 0.0083439306834464
0.0970837653035499 0.184879060138673 0.0965176492460155 0.198887361349401 0.185048837504463 0.775077908641785 0.69220062949251 0.0694921642776172 0.262105251752606 0.577178287676459 0.515596804679829 6.25830823618445e-05 0.000854519014430233 0.637873117572197 0.124454913304128 0.148273264364574 0.743238515335667 0.0512751205269989 0.221682820466126 0.764220899184117 0.000309377162748814 0.0026295711124491 0.1758009704525 0.000619924100272912 0.00447218164766317
0.455575629818547 0.423561431302309 0.455959144057249 0.332769573588039 0.423631013261791 0.4865662657961 0.545967040129417 1.30172699955855e-05 0.0352862118222395 0.532114555601033 0.578459075184826 0.0521167488212059 0.0582414386675136 0.587260105879652 0.000186482414837874 0.142664918613095 0.855913644264375 5.47394795826913e-05 0.0223763363754774 0.376584978572789 0.0902471605671791 0.0775815761464194 0.399419819237859 0.0429599793268728 0.0525666009513408
0.464232260138045 0.959547269402587 0.464609148287317 0.916313678736998 0.959547202014499 0.587961321414055 0.576248410010826 0.00611057793886427 0.0353960669276897 0.256745999429485 0.241440268329006 0.253350977773172 0.367486262209759 0.686737939353482 0.0418744274113363 0.0777698188577056 0.737704149633424 0.00681341003705142 0.0334502111684663 0.147396767804619 0.137550598289054 0.236228915930997 0.846081082304113 0.261127308880095 0.236707357439593
0.769211313176015 0.943916259986575 0.76914613577626 0.893886815816421 0.943916009850757 0.756702129348746 0.902350746164325 0.00255024084095923 0.0990248291795133 0.639167876896795 0.758042212922977 0.000845474669761592 0.391058888865945 0.721288595560159 0.144011117122766 0.268662498773725 0.481000837253884 0.00127136511291808 0.0541655977752453 0.439356110405011 0.00170058831565922 0.301920639323947 0.672613473031033 0.00627984598159182 0.238566712640268
0.00729453395005575 0.0340833872139252 0.00754516831733334 0.0305929681614758 0.0342114411866874 0.497389753130777 0.677701283720521 5.42894350585854e-07 3.33934500820199e-05 0.914500802828047 0.849978100578573 1 0.830860412081343 0.704280449408848 0.000107701037096009 0.00793856378408875 0.100097646981529 8.55603594698366e-07 3.0960783832618e-05 0.925513373109494 0.943819562721795 0.978614201434957 0.154805596847476 0.870594433216276 0.597117371874957
0.95069594348949 0.292965972776955 0.950700544787019 0.335353727781957 0.292963178791209 0.556350983279678 0.682341836330316 0.123529096688455 0.0672700539675944 0.580664955716853 0.564300067727001 0.399325644544778 0.542580683724026 0.52138251517033 0.380076258045293 0.260806321385007 0.0478081541219691 0.0629930581429879 0.0358512147751996 0.949493385086416 0.828573148658606 0.931383076211081 0.900473025855312 0.228952970102256 0.329518664708655
0.0827311760019109 0.586080012315065 0.0822722937203758 0.586073753235087 0.586073753234871 0.589734616731935 0.78041975975608 0.0104656616056237 0.141310620812 0.811363815080335 0.862916478886137 2.12705408986213e-06 0.0122372957408748 0.480330398565333 0.0161528028068519 0.0718581053736966 0.200675430548581 0.0240497228186173 0.287153028294608 0.827566913933013 3.35507082027675e-06 0.0165763151236473 0.792965108730424 0.000125868943299178 0.0292887189391851
0.0678357932364553 0.454893968430513 0.0685602788608141 0.467828131493716 0.454987832699938 0.865825060041208 0.8586264285747 2.13447119368215e-06 0.00461107102620284 0.570413706929448 0.345936634448847 0.439002044897003 0.637134099322257 0.742421927972636 4.87524226109315e-05 0.0559274740798996 0.716144780505868 9.25344163144601e-06 0.00406836576916209 0.725842693600702 0.255181616940734 0.637830215730837 0.251878838542901 0.348673965002116 0.40462097097884
0.098937782522242 0.868674109680101 0.0996250057113883 0.833305937707242 0.868672797741524 0.250099900236196 0.118334684481113 0.0277719125506899 0.0562770721952213 0.478775434291941 0.450707561833142 0.469245680075043 0.410615314619435 0.666546060742681 0.0732813830725083 0.109518864699447 0.442016133058298 0.0264275169850153 0.044879765253619 0.380475077170251 0.276885626637331 0.236098404515544 0.708627850401442 0.764641535733745 0.823934953488464
0.0133306488736721 0.693535702292275 0.0131344989085176 0.797691037579704 0.693557967628106 0.241069556012487 0.740989271767694 0.115524933682047 0.593887780382349 1 0.869222742419421 0.00253586930837923 0.616699355820835 0.670710000162357 0.0586320171527445 0.425526537901917 0.234071368252409 0.440347097795936 0.369014585691947 0.965978327701858 0.00415095729144133 0.440754569264316 0.139943488992272 0.0126606664829202 0.388556745568615
0.0472263372791556 0.765698695198546 0.0467915935106306 0.752070955700066 0.765702541822184 0.429572700214051 0.50433839690124 0.221107349818458 0.288881842411523 0.701295444998117 0.632590283788374 0.000385541586312654 0.0360434018165586 0.444563519871637 0.116804980886457 0.156732654061057 0.89236927922369 0.287673600420426 0.47442583027357 0.898155484939984 0.00327671202113056 0.0693672387551544 0.791666700272737 0.00124361807844233 0.0321080851193501
0.859746166492458 0.83788184794263 0.859715227831072 0.888393386207261 0.837882462227192 0.592821429225337 1 6.78141077958827e-07 0.00511530859673759 1 0.820448950914649 0.000788192417640277 0.0209005799566309 0.89264713539876 1.23564869003445e-06 0.00673055324162231 0.803371355914037 0.000580414068582787 0.0169353555819271 0.71718486417596 0.000912462139986969 0.0147647499823064 0.939664050418333 0.00930247772497784 0.0685508838410141
0.689161169114464 0.197296605341232 0.689051261748331 0.202130936784723 0.197356403287543 0.79665081493361 0.633040493957387 0.0702703368253098 0.844226745869822 0.501389381076197 1 0.00815907475305133 0.0504874368486766 0.725194828065314 0.108565414758586 0.610489033271944 0.0912137803297943 0.0546571026592605 0.621112181729127 0.816992420863343 0.00501951863697803 0.0408233089680329 0.738171184858105 0.0515641951984895 0.0800007965327717
0.620559237173215 0.981389573492594 0.620780931969017 0.915626904042282 0.981389563310337 0.936932176738017 0.842638157004588 0.000227041804292227 0.0362454181223355 1 0.854815001670943 0.202417264491838 0.412487793558565 0.758275340212541 0.000341535661700032 0.0274644370396417 0.84989097059229 0.00605406532572328 0.0717675410651115 0.682251696136465 0.12910255766562 0.237784354868597 0.91118439263781 0.168713257244807 0.281675073475732
0.174299113495605 0.520127841070572 0.173688536725932 0.445459442402395 0.520166631056522 0.86685757779673 0.894678283526547 0.479409025033095 0.435965454166737 0.000739483278032749 0.0287407806667112 0.0220273205616934 0.02409275267686 0.712922600760078 0.281085306015391 0.250776904393216 0.913102269760316 0.403840379115585 0.594000972174727 0.353070443697365 0.0496652275460656 0.0275805695139226 0.479642574039747 0.0213270458745895 0.0445772533775707
0.152458946813297 0.558586789629039 0.153348585721977 0.576538904494338 0.558580426222536 0.249597303821246 0.425960577037075 1.20374201151296e-06 9.40923778550706e-05 0.874851307341957 0.887237297689682 0.464365930197774 0.560343921711325 0.263731563735984 5.40194172726771e-06 0.000198288889668663 0.224433712555981 0.000252694617131139 0.00353011535274661 0.846568956527574 0.273005778579553 0.343375367674867 0.902032961452689 0.424594567174087 0.518115409804975
0.510976080697296 0.615387366185276 0.511349890111053 0.639334916519807 0.615413404379679 0.48464376240335 0.756051527137399 0.00677419657958633 0.0585635006697396 1 1 0.443835112849079 0.482400726937253 0.575689579391667 0.0350210604834436 0.109925069126429 0.975911755163838 0.00900488826552029 0.0469340981293375 0.566402607794699 0.277515192668552 0.299580887259575 0.523948170671125 0.282909495421742 0.306306641819546
0.608095030374279 0.904665935272794 0.608349634763415 0.904667510718059 0.904667510718089 1 1 0.435851468117382 0.850227698438265 0.241287654966084 0.259931979343902 0.484548664650219 0.630038935956066 0.968941840231989 0.577256311862281 0.796272487567132 0.430562655270059 0.251257151375656 0.618612837422922 0.626804177675413 0.286791263770702 0.3984294061288 0.464039428747407 0.818764608643684 0.889099895893392
0.550915578929089 0.571606853758934 0.551300147910198 0.569123251215944 0.571631069648704 0.884048220193419 0.93798878605576 0.0242616589723167 0.079357940776862 0.443419953981745 0.50953577190161 0.293430956968665 0.368924145503081 0.588279595581663 0.0162398739871559 0.0442066665706146 0.698792267108172 0.0786534577702373 0.160592731804369 0.363085675308844 0.16125053713875 0.208331357056092 0.677947175513693 0.615683249681747 0.824348786458697
0.0986978025024992 0.827015492514912 0.0982718147137062 0.792956954624951 0.827018265429618 0.377658661881863 0.205394916826357 2.35150758284286e-05 0.0201192561914082 0.552449032520732 0.638568105245076 4.46673473572305e-11 0.000573769066226526 0.66951885886022 0.00627137406924239 0.248579047331736 0.836367949364897 2.27542653170003e-05 0.0100534874409341 0.976525583362783 3.13306366406252e-07 0.00637471898501629 0.664785573914037 4.25945586486235e-07 0.00133492830401853
0.0251862635681255 0.743290725249945 0.024987377068922 0.713410049861842 0.743292384052759 0.211582265213686 0.394401107867882 0.00327410848271525 0.0166548171951215 0.870136587222985 1 6.79607904863211e-06 0.00605667944148236 0.272846012034273 0.00137721959494341 0.0076391996752716 0.606317302884583 0.204352662560336 0.522064239996442 0.748660707159359 3.53888625632681e-05 0.0310866949482812 0.998658377653991 0.000101143992384401 0.00752745812582416
0.61782548863077 0.961723094005147 0.618083493215297 0.9622209107309 0.961723134931278 0.678052048150831 0.881428055737607 0.207003991098832 0.325398803494596 0.726531717072421 0.388264334598022 0.28810334614386 0.386530437944936 0.578820927767635 0.108695537256509 0.179001700711948 0.929822945665827 0.495899396286489 0.591530861197819 0.170031116235202 0.157892833848428 0.219947676835654 0.898777818755799 0.895326079493418 0.882147298670175
0.0034543549520483 0.777332399465924 0.00361860009136055 0.777302242906584 0.777326227386034 0.249291832212934 0.278620947338104 9.25339606093756e-05 0.0117044890121177 0.568225640967547 0.705645477494448 0.146150905579415 0.133897252004201 0.881920965014535 0.0162016377631687 0.725096894154811 0.280532328858823 7.47918422732124e-05 0.00524481361456047 0.711328522549403 0.0756911378576002 0.0691935107367749 0.71316741005585 0.444015454300467 0.701568831931426
0.384473510473875 0.630771771736158 0.385018370585766 0.61436206073816 0.630814083971414 0.757354567179314 0.72347902675616 0.000796508047957389 0.00521672182897248 0.224252073829119 0.49518188823994 0.277178840794808 0.172017150133411 0.643516357158676 0.026668614272352 0.105565708869687 0.39322954879805 0.000867417378182387 0.00328573130518106 0.344806889452231 0.207656333090954 0.118981072928139 0.225810691375031 0.180860478221051 0.145500658420478
0.835237569327412 0.981570067600814 0.835272641855538 0.984056264937575 0.981570018896354 0.803861750938986 0.839017644271819 0.000284684480763686 0.169960836147303 0.711436325971591 0.692378089249181 0.0768104777149282 0.355363627629911 0.765231797686866 0.000751166013968851 0.109808889485383 0.329736666853559 0.00246464827772406 0.1620721028142 0.387525327172355 0.31052413065212 0.389913018380764 0.481793742953141 0.0389285052791677 0.201434871684716
0.402158614703292 0.391389695231741 0.402707995067974 0.414358267724576 0.391454400594494 0.79477055967244 1 0.00022687161826096 0.0959188047664196 0.902546432146345 0.895994811163933 0.158547388947685 0.241346670985664 0.915949377228054 0.00537669714880451 0.411556138622204 0.538423251969374 0.000433550831765579 0.0478123370155904 0.481749017991308 0.108030045648319 0.231320824694864 0.543886121943082 0.141897696928796 0.14516832455503
0.743888459724344 0.915642381358539 0.743977134011094 0.965003159900321 0.915642306859548 1 1 2.99728670399846e-05 0.0341285816653299 0.382624658954557 0.518331597920983 0.149759984141308 0.565757301360302 0.723093262268118 3.87888935688974e-05 0.0294771605429629 0.78855429649419 0.00419527246750282 0.0627910074024815 0.725518092793839 0.270159170563128 0.591859581335315 0.944186770772722 0.0829156935382774 0.347633603464686
0.132795285735164 0.142101003028115 0.132258349866208 0.126906218134971 0.142232222120444 0.550486637374283 0.865058316611374 0.0388290896515259 0.172089216686984 0.912870427142421 1 0.00565772826502087 0.0197431471903298 0.540922521439999 0.0183872908309346 0.0886967987515472 0.270935516646674 0.238697180975284 0.748699558285868 0.788825165636794 0.0359321358466438 0.144628826307991 0.304659891468975 0.0052382226774195 0.0113401062713628
