ADGRE2 ADGRE3 ADGRE5 CLEC17A DDX39A DNAJB1 GIPC1 NDUFB7 PKN1 PTGER1 TECR ZNF333
0.0221887322050644 0.790856144249924 0.449647436581885 0.546061827521211 0.58303086334399 0.981851999785637 0.0042981986244138 0.0101835030706049 0.905927736382587 0.890499422710927 0.127405448437197 0.763112320546897
0.215266470636968 0.576295814097251 0.478974953121242 0.74535167107179 0.442577078022429 0.242068149107706 0.0717840392485928 0.43947811583466 0.33174173639629 0.93465465235759 0.0913098199663418 0.0597976440236717
0.733787532327613 0.565402896263511 0.949797486086112 0.946917117035614 0.38591399936365 0.940325115777374 0.646973253213142 0.48295915873745 0.805679304761344 1 0.686351047664035 0.017364463184622
0.2900551356414 0.133306301122064 0.851784320484303 0.653679812551255 0.74394036239182 0.844048009801149 0.537902496267521 0.876028647416434 0.896368454548244 0.79633976576011 0.292636296048274 0.547153558074745
0.804233470865466 0.232812184353372 0.0492952541884832 0.579377172714418 0.100550165023602 0.468464177018637 0.771086562275074 0.55105950723035 0.0809839311050434 0.829107676779547 0.964119386401283 0.523155105522173
0.721713986646626 0.752205078637828 1 0.123590961766154 0.740591800171405 0.302934275044909 0.894799502754415 0.512346153143648 0.206391820499521 0.496482300580044 0.525846860670739 0.538356639552743
0.320509460882129 0.731637855689492 0.811841200363126 0.526987364423603 0.374629981015559 0.754036838646697 0.240898989661048 0.0394905783085785 0.902430578051185 0.443182578329425 0.306803360655479 0.962359644438613
0.788207928925099 0.266134055414118 0.048328245256062 0.450491223157822 0.199118880537434 0.63992166493345 0.747114993096989 0.564561236257918 0.0766096137223734 0.0700254477887489 0.173826211870691 0.299056818702447
0.748488614800407 0.284677064383325 1 0.352032890955073 0.375977563382227 0.948985089841169 0.352945162528863 0.960148319548854 0.0269618759004677 0.922476373122347 0.632781372069172 0.346303841416893
0.409881730140381 0.127869535890365 0.00137739392536039 0.0749607788961418 0.960798066213421 0.616467776940002 0.571195677482941 0.565878310550805 0.216365447108232 0.314589326691449 0.291425571026202 0.0420725668571039
0.131650495902723 0.646159173885053 0.551457310035794 0.216045209537734 1 0.726260849029001 0.779249231004197 0.571911442305109 0.00409230056850809 0.0771547058806183 0.575127753278714 0.147167206553558
0.0681321624285152 0.177846678657333 0.248862566622101 0.210476623823122 0.347549557441316 0.113673868915634 0.433123508063642 0.931301737357862 0.120261185253125 0.80564589783468 0.498758602546941 0.867783183930321
0.11924246832059 0.0486286442108332 0.983314435996986 0.0749724615014916 0.353628200853752 0.0173207115815838 0.218359932198827 0.61785114754303 0.794995632656737 0.924013660959927 0.598390184374468 0.222074573382179
0.273737203781461 0.5605174167138 0.490475795794474 0.81625067825965 0.178007674658112 0.982187145073998 0.970948458274719 0.0364159467663453 0.737059177092931 0.38122843315015 0.167421962742838 0.598405690685926
0.497805589382987 0.264198442762259 0.597735889823462 0.275567060659883 0.686727476670076 0.585404753245519 0.839393089265523 0.159706112003879 0.377250507009343 0.534171067623775 0.863875156970217 0.201204874861509
0.202059797471026 0.543687391244453 0.661419111597723 0.766718965260469 0.15992004611628 0.729352375265105 0.0645128598562317 0.441326391930863 0.71367976086809 0.303618287130581 0.206188355409006 0.413999135268755
0.285302950541722 0.984186021398628 0.398270338388003 0.423225798272309 0.229190249640324 0.0505271138039649 0.436284463277168 NA 0.661955763325669 0.193827124304229 0.0287464666073319 0.75313102705393
0.424811585161566 0.390722573806438 0.675105874798116 0.287122388728812 0.677078128114853 0.275093866366943 0.838574234517052 0.489627457229964 0.368013803612421 0.0633340920808583 0.268282002093371 0.811981123078364
0.615188209272985 0.588348372525863 0.797429200605109 0.0627349165200418 0.153190990476546 0.735430879612956 0.671645986423514 0.201633393645191 0.847370027878021 0.942033903615915 0.607201213039691 0.210832458401708
0.469358661258166 0.411897810592462 0.246514019273733 0.0580654883019021 0.0748611177144375 0.173563198124004 0.013058002342896 0.113154052294505 0.021690596108886 0.735737979896102 0.500962649816312 0.906433242974936
0.0776175367908356 0.886924697651807 1 0.217533835688288 0.316739116019389 0.364287037942181 0.933064844941401 0.55052214280791 0.150799866807703 0.103428170285227 0.88131237691305 0.904229356433434
1 0.937285997326407 1 0.226272070421636 0.241990633622904 0.138947403120013 0.00581056702499327 0.193900605138853 0.550883435938805 0.0800317936760503 0.848621818871621 0.655571058773994
0.879242349135393 0.317821320536727 0.183950633486556 0.234947874827874 0.569313168849478 1 0.764796045167079 0.623506700843415 0.0214977585168906 0.863699212832454 0.370399057636995 0.675007589816322
0.100118300687621 0.470328160389906 0.281548670637299 0.783038385159014 0.00670140177137977 0.357363026703307 0.0653871684219536 0.902901232487381 0.141712931273692 0.824123106415015 0.854275025786854 0.293727904459932
1 0.271969418629313 0.953417810226892 0.619046198916867 0.436938700702305 0.923804795470682 0.529611179265995 0.575001900483866 0.340936829773063 0.07211842846458 1 0.207107375587862
0.188916338713273 0.921669564766688 0.0626473129904486 0.248883096421357 0.934269811721895 0.452896761769502 0.28160796002631 0.646818795483116 0.207067624473003 0.432043949273036 0.234894832456782 0.73562938544094
0.0353056210326901 0.767836474913635 0.317854520702309 0.32852048940201 0.35094989012086 0.083981615747264 0.707686830644346 0.39280910619101 0.705436974286558 0.270838946648797 0.558350297067865 0.822789722930947
0.813061132174266 0.210482800889122 0.126759351429727 0.459050806832552 0.853501719193012 0.759272699019265 0.22937944209464 0.0801604695406573 0.698812183137856 0.705501075772911 0.152161880105818 0.774972753291323
0.687763548923085 0.683483526725293 0.317869980192051 0.122420585425535 0.843632103031591 0.595832713283148 0.262166967401753 0.031189649101278 0.836810858876811 0.290202887745891 0.844485677513105 0.651974705310861
0.654470512069265 0.710976037763893 0.404599019639795 1 0.692319805894627 0.572241088951238 0.398737571106951 0.163385572019354 0.328386797852306 0.00828189644203979 0.00501428394419521 0.882346027974905
0.305853019862425 0.435925672622038 0.504671693961516 0.918238383109112 0.000651478751247074 0.584491364144754 0.558406009790739 0.358507257068257 0.610425958097867 0.0605141857539531 0.540966730056636 0.880475013036535
0.301103804702482 0.734579375716273 0.153713623105514 0.552888815220985 0.659502758452412 0.305625730648918 0.717251606739862 0.202240266551009 0.926265020520223 0.953426455310874 0.104626953739416 0.0418361753416263
0.652544894518633 0.110822109403543 0.962436345768648 0.8338360472279 0.314402250999957 0.0434986038966091 0.364946532508674 0.438793468179728 0.748440634142067 0.421386632988033 0.520484255404047 0.928661985767238
0.934509188869753 0.363735882308313 0.536134071702806 0.983721215086647 0.13878908523426 0.994454683657772 0.442823245784205 0.088998510902305 0.678858070977433 0.64502309261756 0.928511812361471 0.305434789902212
0.598908248673175 0.172760547587894 0.708208929326526 0.324898014991168 0.30603491953827 0.161530154381904 0.889247996875615 0.0809068760445107 0.713556380298459 0.0140177340110094 1 0.580585243937533
0.350700747836247 0.283257347053829 0.224297748498613 0.632347763257848 0.745370337836633 0.394614094364106 1 0.540240086532488 0.522956742360869 0.226329594028587 0.139323051312533 0.743118388525252
0.319059046113167 0.184484037033041 0.973192498246806 0.135393693900191 0.909855782508171 0.820541776385729 0.541658366999451 0.965458396581689 0.282273859761961 0.968327073577679 0.322452482978303 0.159550997613402
0.824894633092713 0.576595295163491 0.765407509586539 0.0011209468086245 0.0947918140929324 0.280729775106056 0.861502789713348 0.352521279051564 0.981356790107128 0.00646004928054241 0.322439390562932 0.00130244650088946
0.510479378350115 0.390044894183386 0.415446278664402 0.797737385827324 0.0183079166512712 0.889745534978512 0.767499902458606 0.596939032847782 0.989977514154765 0.130459213412749 0.0908620941003405 0.920782269849733
0.229019674621653 0.238444825586513 0.438593765587907 0.552696553218708 0.338068628094989 0.862874294435905 1 0.467713972101996 0.0437472530042746 0.642559042357288 0.587365262893632 0.767154939652774
0.788559613987506 0.55517396761679 0.336794315276872 0.466708628055036 0.958670737579007 0.496202818763547 0.389161423070286 0.32451775932401 0.669127687835758 0.559220591449179 0.131983045767975 0.978461759842638
0.119907664767389 0.247916724428312 0.107099352533755 0.802984690219424 0.344002477349589 0.287377132650302 0.749935645727108 0.956142875097943 0.181952633081188 0.291196602992356 0.267836887244596 0.575058271405272
1 0.675788073655959 0.747725688380862 0.343950263150001 0.706642388381538 0.395859024876336 0.947211231936435 0.549112398520998 0.491082766817641 0.404186703238742 0.489862513147194 0.622846442460016
0.130149447790056 0.548220332270338 0.565730043000407 0.0298112999485021 0.692260807176371 0.320894737406808 0.349943110811014 0.0338464983620892 0.154488039015879 0.137446665312489 0.297751871545995 0.706838609462772
0.369447832474031 0.148227558537767 0.93511296522798 0.150054862282201 1 0.687353455233666 0.0553671961053868 0.46497589303532 0.272948330506239 0.135209529080486 0.604759407939255 0.284684793595455
0.902438835997022 0.782602902065137 0.845114640897978 0.540458947795106 0.704973033668411 0.494267950980262 0.323623806807655 0.182546715782579 0.867572932155191 0.268670403320912 0.252166064176749 0.133844465990594
0.671513969749449 0.710058784262203 0.287707608837652 0.197718748649916 0.0754001196426984 0.0956394783477383 0.0443464693730065 NA 0.613250678557882 0.585798690796842 0.176777388163272 0.315363678942274
0.414327628811039 0.929356752042995 0.179939961423477 0.021068238494502 0.240051172760901 0.79506320597948 0.322884596592842 0.531945857657207 0.48108100930963 0.286918267686182 0.346754725581002 0.336129490485435
0.0742478076950707 0.257287057600851 0.417903452536581 0.6554719738447 0.157953196257071 0.0364690374372871 0.221799621304925 1 0.000163137196640965 0.909306235826674 0.902174253064968 0.355625549557829
0.220041024738991 0.866664252030338 0.32690446875497 0.390972399357856 0.00109972679592085 0.179676499800804 0.242474092533426 0.46355467452364 0.860050094876179 0.604384245959164 0.364756729630197 0.0160939007789887
0.189115235461364 0.338929188884642 1 0.792214717205735 0.560645413715307 0.437271651712284 0.897943253827813 0.395180570791066 0.522837435764717 0.188021784235838 0.312002717949128 0.177220128772338
0.935441779780602 0.483821752824858 0.599149013393524 0.94467097181255 1 0.631408466357137 0.395041467177953 0.813030109759351 0.492219251897211 0.754775269626157 0.186676346390023 0.701396420006164
0.128711748299115 0.755473094488691 0.78712028051928 0.695113921211161 0.836732768467214 0.584123145282811 0.189294100105622 0.362043844968535 0.300554068775136 0.600805267626763 0.0438192906272616 0.993320982588178
0.936479844491834 0.520768205724325 0.623291070111742 0.763919887172448 0.935467915725135 0.981999837262897 0.404234966399701 0.339621204372208 0.0214680206249441 0.752522354738628 0.756335857634432 0.87338005796534
0.0463993101780404 0.145683928835105 0.644118604226936 0.47635184671079 0.258487546456552 0.843774696350907 0.958691442896262 0.08308310363706 0.293781224538783 0.929247149583336 0.352209967985234 0.265950113245197
0.67128672539688 0.0104621269492206 0.622530899324323 0.0549847531323862 0.776114541000399 0.602918391761805 0.057447358942969 0.710761615962152 0.0102443349070622 0.539626032935256 0.145549809728315 0.0215587660790815
0.980287780767137 0.349781254197529 0.0212713937368006 0.403999627130286 0.388433060366777 0.972958887703752 0.567728023047726 0.283786839710446 0.942443538028233 0.431070206309341 0.0868395189670025 0.549596127172221
0.437643046300713 0.437401905519401 0.543847535359575 0.556452680812877 0.96061156746952 0.163590226399462 0.904164552675246 0.575052607519251 0.807732329519452 0.508706161312746 0.395073393055293 0.00780161630104792
0.913397284325247 0.093396181235502 0.479858708474516 0.0809018517895767 0.139843012690158 0.321173090198923 0.0947004984674623 0.711113362843772 0.00171564148268576 0.126446292529076 1 0.44330380516512
0.0358314931538662 0.699348002555341 0.226014011096878 0.0402363051088964 0.971245613814081 0.344318014873708 0.175540263123953 0.873485206563214 0.296769211292432 0.230009339825614 0.792063779920443 0.128316335477541
0.842947291463277 0.576458645282356 0.554008531059618 1 0.019142163209014 0.41449331333443 0.872979684605749 0.725303072204668 0.815676778912163 0.105951971534023 0.634562061252384 0.28030405493684
0.485577898324735 0.67699707363827 0.274115363669689 0.288011438418527 0.000604393187394829 0.909179704693157 0.135736158210526 0.806797290205341 0.316597637597835 0.187824837543723 0.875539624344236 0.0018484762018908
0.1273480527451 0.102830340726225 0.0402999971607572 0.900780452467286 0.257976271068227 0.349715243957685 0.145805844467291 0.530280800047363 0.159344614643563 0.363695855158969 0.459677520127704 0.395222861007539
0.0128143944953424 0.522932991610124 0.110695050442909 0.959960804226989 0.948765254860618 0.195568739425102 0.164170582489393 0.294632060781369 0.0877950262757902 0.514615861372285 0.0491101233804125 0.449816915956933
0.338191154675693 0.258866298405881 0.425343170112577 0.88530581600385 0.0964559126840094 0.281172633868192 0.821088483976131 0.48052470875432 0.211698982523305 0.368357459907284 0.0479218152941301 0.946921020180754
0.717207327531525 0.908764745929551 0.971488111627486 0.877698602315615 0.302742042745502 0.0203046965969035 0.414976225133397 0.593403782921643 0.668438082634341 0.305823207695968 0.233795176261455 0.912573430908209
0.292399871466058 0.112955591345872 0.663769562520685 0.161590799007008 0.223653150918048 0.232403518237785 0.768730263751936 0.280356731803004 0.00801179143512274 0.282507585429759 0.329137209934878 0.390351846008151
0.891301972438215 0.00461937215571207 0.230805634586624 0.605294844052719 0.0508794013490683 0.0698421364717637 1 0.76435788325168 0.874146479640021 0.790602653997797 0.377211326636402 0.192637177865361
0.0744960280625769 0.260530990424854 0.119099828081526 0.164333404962175 0.365644274509609 0.179503379721397 0.761548865734818 0.78117382413865 0.883980227201278 0.436709693514351 0.930562854867641 0.797314082186912
0.784828328536922 0.766517509549382 0.575842249356682 0.870539207021557 0.651979002999098 0.873631918294622 0.840656740968321 0.901156385693855 0.20958126917024 0.354407162887076 0.711388795302915 0.401541990794398
0.214754091698838 0.327942545602407 0.906151617348896 0.128716760226778 0.0578783578584277 0.284103339272601 0.568537430764384 0.42917588844228 0.534568776179347 0.00762784948398904 0.175330760668698 0.0828352416074813
0.660729432663927 0.351882015147921 0.534848382627356 0.113263372300885 0.0398682802436409 0.417010890399743 0.27902275434941 0.735156992797061 0.404297477480527 0.0539384813092552 0.117143846584089 0.530034542898798
0.355900003898214 0.239679131884463 0.501717459583912 0.156554589931942 0.797429462177124 0.896530340082046 0.520854800372211 0.217167848520265 0.784342092332312 0.906526035370133 0.0249939845211791 0.829992574089579
1 0.197714653601183 0.504438601849215 0.545681874593266 0.432893638935292 0.126773761020287 0.0921377320289973 0.357757900038334 0.758964837899967 0.89571069302784 0.685759581785774 0.701793004377192
0.396144104225389 0.171676170595401 0.22443992235861 0.796498332055655 0.742245736914408 0.240167456462376 0.218311015142147 0.281985861813037 0.409360898302346 0.262867291848632 0.241114817393217 0.0962750516792076
0.00151257200316973 0.365674418915209 0.0247902793242539 0.481028336498691 0.713176233329461 0.887862535880243 0.435908587734837 0.821751520897857 0.00349233571412447 0.0640640965357422 0.656381872570068 0.236522857904002
0.787973238998962 0.241849268758153 0.0824526356093944 0.902212142648143 0.946197114682445 1 0.709331562761 0.0114990665230794 0.805945704853185 0.00822390795603169 0.460886228753353 0.548843169649971
0.123980181196638 0.116045695984435 0.309032209542282 0.0743753601724423 0.631680266809626 0.693310588377701 0.196690612252096 0.22660658117659 0.669026525333356 0.551046090786447 0.686066493448361 0.0697301158291797
0.43817165155956 0.124209800586052 0.445300098042674 1 0.00457584310942765 0.366093713729874 0.308315930895466 0.656064355084234 0.687150501582098 0.470411334919716 0.940578101409686 0.370172158564306
0.132799096417724 0.201703785263203 0.172207551637024 0.866652134767502 0.375811121449032 0.105019540898088 0.475005773104174 0.245161548266244 0.812529020516892 0.645163787379367 0.979609659329924 0.260177772577806
0.712413645696205 0.396286906604155 0.764317331916541 0.747685313905626 0.367034459925631 0.855289819254331 0.318626915662864 0.488341284422707 0.0515327803915737 0.516093782857721 0.68812591763723 0.489582164808126
0.631844090114949 0.186665709368629 0.159097209489015 0.696590624296597 0.859366769430791 0.920389272072169 0.342065144693762 0.806504055557236 0.216234744249367 0.492540559742973 0.598177032452166 0.736421962906233
0.70924999973157 0.933850949938322 0.0320148958974965 0.0961526800095675 0.963783635921622 0.911554534703765 0.0574693621370542 0.337966738170813 0.205256727586817 0.861015177386663 0.559528009431028 0.236202269063087
0.744163960147256 0.727895918553123 0.736199966503109 0.658341859038609 0.0829438425689161 0.836965320060049 0.852131859193607 0.404479183298999 0.963587888386537 0.0771136991256069 0.444444325048262 0.90539391673695
0.417049199801302 0.794936444707421 0.111096525270837 0.82822040937704 0.791394055921239 0.308075166992619 0.018478310999914 0.880756763379228 0.706673117800771 0.23993031057642 0.173052275613339 0.531219790535506
0.615821398460249 0.0774829414798213 0.424418371434257 0.822520096386349 0.607757635962056 0.809267189641138 0.0313002082419759 0.151953058153722 0.166070602694448 0.369891325519215 0.0973183721515961 0.64577082021252
0.0037335221416576 0.15701589810179 0.646886695983673 0.90858275064423 0.913493780693322 0.321904857352669 0.0488267937034377 0.801042306009364 0.0182464892314155 0.891790377812546 0.116345656032459 0.519271842099402
0.359852752282544 0.355749332831235 0.400092884812609 0.958103980668322 0.147586088248556 0.222349785492144 0.703979990320861 0.423421118844777 0.972062954535381 0.352166911706198 0.472535915084897 0.449742894122923
0.00166713230106972 0.0671032693165378 0.188853636066617 0.765143477006458 0.689618573863059 0.0953373493357432 0.890702297649321 0.188822453734857 0.196689163446648 0.0850468424344057 0.386746897517383 0.183832288169469
0.0868724714076791 0.308239384828142 0.527135325084734 0.177982737136849 0.779634596475242 0.792493459742742 0.743713934966857 0.903076394132919 0.0316390549397617 0.902141363240011 0.437283121530788 0.696534658694814
0.241631844382799 0.630170918996016 0.358128201219973 0.817379266298509 0.424295434335792 0.884262406540933 0.0690736498002815 NA 0.789685916156891 0.612267342679748 0.871764563914617 0.555330415267498
0.818442303193266 1 0.542823723584898 0.88496750956001 0.600394998308136 0.873100485672861 0.00506968223525417 0.803552712213605 0.733713371210359 0.560289360549826 0.0121604629553045 0.0401716886625363
0.56417939815634 0.198771893812721 0.0107027370277023 0.334826210021465 0.678367202996007 0.50962952856471 0.0952074697142095 0.360051507846009 0.144297733013103 0.352143262656731 0.193339198595372 0.313039354002884
1 0.636199959372345 0.328360775012827 0.550535690817081 0.374900063412372 0.0277105905579848 0.355528477234914 0.311225302146683 1 0.668499906617317 0.483281859296634 0.305682045688903
0.237836337347115 0.753320908959824 0.732788609417683 0.775787343261904 0.354557878509497 0.912299818793689 0.18688939044611 0.383985238386539 0.943579638366425 0.578770663331574 0.823015246676957 0.531256929217916
0.868965273012928 0.909678957839025 0.237755134200376 0.418328443865124 0.152989792521137 0.4979789809364 1 0.530431294533592 0.442006430913814 0.0381770424347717 0.742125789834674 0.0049564443540596
0.817332007603432 0.958093813914615 0.527435765087042 0.715670693361738 0.584468532187759 0.737612058590894 0.959347878968151 0.974248168794437 0.260313230408748 0.710295086760412 0.00534372849550112 0.303815701996159
0.494549757977414 0.675036697064028 0.198284808285554 0.0113092726866963 0.112630727347921 0.418675963467027 0.402987195162068 0.810195460798091 0.277097384530625 0.218384007051569 0.21480758002137 0.630579454058918
0.391237445972099 0.119004587679234 0.0953716549356846 0.715280754603831 0.523980093605845 0.885660262258976 0.396037076373177 0.783488971287305 0.334544430196592 0.804191149853066 0.510095701341144 0.228754736145191
0.54134450268442 0.299124926687311 0.611819733065035 0.480582363165606 0.680791511832786 1 0.507185848895846 0.341138183495484 0.231793907666728 0.677910457795754 0.505413870068951 0.114491089406493
