ADGRE2 ADGRE3 ADGRE5 CLEC17A DDX39A DNAJB1 GIPC1 NDUFB7 PKN1 PTGER1 TECR ZNF333
0.139527487128925 3.80378159857603e-08 0.0140686365660455 0.00917800317787487 0.207908891810224 0.597277729445508 0.00641602722451673 0.582213139179625 0.107271333784132 0.000189231685317148 0.244661191136989 0.00533582270667787
7.48080731500789e-05 0.292948177712439 0.0660491093252336 0.0279805641764694 0.0190676373199736 0.410747743193883 0.28699995430063 0.532312787640355 0.888273003007017 0.0411821251565923 0.00186789637280016 0.143511450898508
0.580599720777272 0.0605514199421305 0.00188085500300283 0.12715332634492 0.0540224931769892 0.183330608096315 0.129861257376292 0.407151761195702 0.21853225254121 0.379528989567717 0.686547528757412 0.00115979791898269
0.108495202376173 0.674682434479123 4.16674189455557e-10 0.64262368631498 0.133653838105087 0.155602159144988 0.0947693651354145 0.0926872052027278 0.000635625207562329 0.103400238111101 0.0810599405267641 0.00280848283826918
0.632078824725865 0.42429129886718 0.00315838511730293 0.635486547086887 0.0122898168916279 0.690887318026848 0.438602247664978 0.12294218589044 0.0269122833972786 0.0222298686912376 0.0703695900150265 0.0709542105570083
0.68675331734113 1.08316574506685e-07 0.00200717606017353 0.00352905875534704 0.0847157983010317 0.66903051800461 0.37710544203157 0.717082755601163 0.16115600926291 0.543478297344886 0.000611629742146236 0.518582282773037
0.430913072110531 0.0242659484068772 0.088081434306464 0.0268576437687715 0.368825455622169 0.905926237087605 0.646728778450892 0.135735983028849 0.26899631642209 0.103448695405955 0.896799452959212 0.534018517382217
0.0558989172737493 0.156124738986049 0.00470813057336383 0.114168265714329 0.715607129562277 0.0118235568159303 0.00784290389789288 0.411401971514285 6.1348867453237e-05 0.608543615363062 9.81640177801779e-05 0.000573954299479706
0.0020273935914078 0.0200240932140949 0.010684442353647 0.911049775523074 0.90750307160752 0.0396889407808951 0.678905098286428 0.181983803838949 0.0667719753134884 0.106368641045824 0.0941089343798595 0.092995535342093
0.0162572710903093 0.0133255208041519 0.0276677556829307 4.41087927982586e-05 0.287417118617819 0.365945172693532 0.135755262386519 0.412661973692282 0.39220423273766 0.369797939563643 0.377493100877028 0.0794127245446167
0.493996110365784 0.000163075115103384 0.00138104210994194 0.714463097716714 0.012647341236586 0.124048925749161 0.540363162185917 0.480048933202451 0.159345235352779 0.319285538362291 0.0888520551056862 0.119306293789333
0.0532027459995573 0.0153674721458114 6.17804474534189e-05 0.13906944877188 0.0585388462333731 0.305627580598266 0.200130733716332 0.359046899064727 0.10619812062355 0.156195852112797 6.64329811707054e-05 0.546092463208129
5.92447928748907e-06 1.9779998438052e-06 5.1498064601585e-07 0.47049009017409 0.345982102740405 0.0143961442023772 0.292280672936481 0.543965502962144 0.189291808784764 0.076251066915269 0.00176457209901115 5.61638921681151e-06
0.0167770369908324 0.0153703903299419 1.83193184474402e-14 0.0217402818624828 0.0329212634010909 0.513951579599495 0.768622344396613 0.220489855479951 0.024542974778163 0.0682832555005364 0.0194706482024658 0.212460780299241
0.429176655731493 0.00289435019657502 0.245531827884198 0.0733050238022738 0.5039009804378 0.000125050837964102 0.190141076777091 0.452100738224134 0.0528728651883728 0.0393772219637232 8.43751363333034e-07 0.374747172568048
0.230752900707023 0.00467127127739686 1.78032841874185e-07 2.63974721147475e-05 0.60702990350012 0.00099080310384847 0.03616635364514 0.190759825774205 0.029650512406916 0.589000601771343 1.74029981392376e-06 0.000265057475451802
0.0962969994126063 0.0515349162280186 0.184149001493373 0.0329718766348678 0.0803262734875245 0.16317702033576 0.735317851236492 0.694263370628143 0.153502523702356 0.0786275213712135 0.0321680873984348 0.116522525540684
0.464342021179953 0.579050637350337 4.98964862649665e-06 0.334317098122808 0.431326213615471 8.32975972719918e-06 0.518223650831612 0.213663404241104 0.000202598328105319 0.64638889433985 0.00430712623292806 0.0744442585721853
0.320483995623631 0.0663263939279896 0.00250543013782356 0.00180218150347855 0.102828974747879 0.0179153506861854 0.320306494065167 0.000704903655601936 0.485659237730521 0.793636059802053 0.00840018481106675 0.0593847952648981
0.26357204857499 0.0345059423203118 0.0898508290261335 7.72668209604505e-08 0.853266291770292 0.0874290938747659 0.463503387070096 0.470423210111194 0.476079146911175 0.205907608663403 0.00522825088391454 0.00040069998770409
0.0110745853190309 0.055254746104672 0.0192823544135156 0.450584998395341 0.369017331223754 0.0355901731369441 0.113318284569663 0.332788608014904 0.181877733781758 0.653293372189746 0.584752759386776 0.00228510074577659
0.108699405742046 0.00234898962133945 0.0127665027059253 0.184253108359885 0.275483519496842 0.00129130547864086 0.33740911167834 0.45363643183766 0.0983424072400019 0.573676035556313 0.00312841610212222 0.00321258241322775
0.0799753785828126 1.08179876529821e-12 4.22354791277391e-05 0.711047014736263 0.0678180061482904 0.0148511694220835 0.50831604213462 0.621224791959446 0.26795729574855 0.00128960444614989 0.0302977495439604 0.454391540829534
0.464899335130489 8.31323652146221e-05 0.253527236222612 0.351811212605087 0.300542072306691 0.511784140902355 0.068375748870887 0.349919631183082 0.0116478991713167 0.607869584003257 0.731391868646969 0.14039393256532
3.27964573787476e-06 0.00699210845005038 0.00111682774119493 0.755953376357341 0.131696531460734 5.86750192359542e-05 0.359432719642374 0.373754562913544 0.0282718135043437 0.238643782541041 0.259233301517448 0.00118611915810241
0.0379569521582463 8.71723983322248e-05 3.09238120616007e-05 0.531375272862772 0.00525757831876683 0.0155266070839934 0.405064626300886 0.945014171131226 0.434472460491574 0.778508068852988 0.00465833087853296 0.453789265431384
0.144446199112915 0.0643049567707369 2.86833812623843e-06 0.185588257605035 0.00394106390790439 0.65140291854732 0.038196126065675 0.89170509303075 0.480382213745353 0.235812016790348 0.000213270448824798 0.00565195135579299
0.000502955392899351 0.000157252489165427 0.0059631160409207 0.0617322715646921 0.000206389845075039 0.00286649880548728 0.0158268345643893 0.0837320099668197 0.0156364637875304 0.0440426522421697 0.127388261186504 0.536233573894984
0.00408124537424182 0.205390406836032 3.5906843457445e-06 0.856384952373607 1.5842109574022e-09 0.582353807071616 0.449639127650781 0.545718674948537 0.0957056842222841 0.136232965797513 0.00173607975362233 0.0111660162055953
0.110873494609925 1.49099749342518e-05 0.000423066553625562 0.838112067892364 0.0444108464269768 0.00302329451802608 0.0827456671428294 0.160285359156541 0.829437948597169 0.376103469479328 0.197700769483608 0.165188345035068
0.0304841624345902 7.02405846400023e-05 0.332494885613364 0.189934726519181 0.395173046414892 0.293299736596129 0.772646412801536 0.724794450013343 0.823972564352365 0.376286415136774 0.913492442158325 0.0676028645341169
0.0191846081778221 9.22117304640313e-05 4.10611852008622e-07 0.452011953755145 0.481153832690555 0.247959717608646 0.0576244868088914 0.474218648564357 0.151720468123884 0.612445137932294 0.000864345218421825 0.194972716463344
0.102298455121707 0.372410947477208 0.0495231499354105 0.675114764161209 0.111654977239564 0.406886842176487 0.452642786617579 0.303696665527262 0.116671597602469 0.0710680335323661 0.0130541191326228 0.107950336828197
0.00109961195772135 0.809745622684544 0.000390397430171774 0.0014448011804914 0.638882624758752 0.000234649558508715 0.00112736326047347 0.452276137071798 0.000142210787276942 0.000135937700716182 0.0334589087318571 0.0824669914701528
0.325528133994945 0.0114721148743638 3.11543373650025e-05 0.40733046681536 0.0209113512245854 0.393027513335655 0.25778023158805 0.500897196066718 0.0221924969075572 0.307580379692886 4.50888025629315e-05 0.305613489461738
0.253486374579695 0.00104730901489158 0.000105959937737654 0.631411120137362 0.125330308622619 0.0250324200258393 0.648828525011927 0.0567433972371367 0.000651473419829962 0.00109538161634892 0.329395949967706 0.00269807358064322
0.400873738491746 0.00355107810611666 0.000604400213252587 0.180835113323069 0.451203224376044 0.370696050033294 0.142772517000667 0.0467882405230021 0.0278303109652066 0.00182869459150747 0.665282966433646 0.304820156075459
0.00724795027092595 0.0626751762785287 0.0722030507665832 0.0631104511881659 0.280693977867133 0.420963988009906 0.00452150284892461 0.032924544386274 0.0590129128966764 0.0010986310824258 0.563971926787255 0.647616374747359
0.000995943438195201 0.0524754375285902 0.000114698006304259 0.504547718121703 0.0130400115281243 0.474499706706666 0.385024135363382 0.0176109663027474 0.00241480506844971 0.142516566551906 0.0636730351616362 0.232338981435784
0.000789500623783135 3.34472453795698e-05 0.000930969509144175 0.494858910207031 0.230665285062295 0.0588802681222507 0.302800737877597 0.543278141617419 0.0658138790645274 0.578727019098675 0.676954586254412 0.00270390907529683
0.0644837978228329 0.055481999734133 0.00922030108898431 0.573736041551432 0.013924739617702 0.459959425577636 0.0037436415279134 0.447373775612002 0.0033118075490578 0.500830268977364 0.00586141985218003 0.0859096056175731
0.0267527792815068 8.05843319837685e-05 5.4926647842235e-06 0.00027399290800334 0.655000153144803 0.0680894422910425 0.214150113931359 0.0475883033112736 4.51373822169406e-08 0.598910583270094 0.47901137724075 0.000323851760820282
0.225630622934698 1.58613999545754e-05 0.0138007486252254 0.550365514700057 0.00218984362759933 0.00733369267154882 1.90300403543064e-05 0.0896969251364846 0.000330017761649204 0.59976804618178 0.372866254438331 0.213498396208776
0.177136449903841 9.90667915701238e-06 0.320071053434566 0.0300849338195492 0.30728499493753 0.167724561586141 0.103162873450375 0.639523552882123 0.265142260733268 0.328076799680044 0.0130201339282138 0.509578745722398
0.000560048239569566 0.00744736114628208 0.0120683498549568 0.00374327121824081 1.73378123238583e-08 0.430492584459905 0.686418097355426 0.592241629902575 0.449058469835293 0.00332496794656845 0.284458507911712 0.0302057944663819
1.95552688132539e-05 1.09563839900684e-06 8.52130256561298e-12 0.339423967901692 0.0676664953789072 1.25321295585401e-06 0.420154150137969 0.453068472480416 0.631330111673326 0.0648671328908517 0.00109232400110937 0.151558950352822
0.000107081409059462 0.480828298498681 0.25891703997924 0.0161269772035288 0.149123074752154 0.0694764246796793 0.131413438853477 0.600819053751999 0.0189993670465177 0.0521497509883209 3.60894693240965e-07 1.82022993667763e-05
0.00576542637489019 0.000518137663950036 0.00290346640354566 0.268576554945491 0.00110140023551542 0.757822920257751 0.272725618300748 0.342740695533065 0.0812865304138868 1.5033318070734e-05 0.00381126329913439 0.000660833230690772
0.00913179815644183 4.05882153309278e-06 0.0885481881798642 0.191037669527434 0.0861371265316453 0.577738755172144 0.173340270223089 0.839885255431095 0.769821189284148 0.139805335911053 0.0839264450088351 0.0144922841856795
0.223976969601444 0.000305878456569819 0.344892276166929 0.359949045855635 1 0.0290794759845692 0.568990687034444 0.660624448327766 0.100895622852661 0.000159318982220102 0.000436600790709507 0.25526284217504
0.115944458361693 0.0846941966038893 0.000231326301393331 0.436775625077404 0.000314908276956904 0.099818339463871 0.0520247428734983 0.821284592781304 1.27064926014331e-06 0.0922700418265747 0.129024245175438 0.435831609815322
0.24245144020402 0.0719167279988561 7.91555198419854e-09 0.00954307546871458 0.0467002675439794 0.216623240487862 0.134889321612482 0.191781675570148 0.463603532080382 0.676351883855165 0.252817920957168 0.188978254148719
5.20602521042468e-05 0.104464914077776 6.93820069520062e-09 0.14837102985393 8.92058060009138e-05 0.114024837775798 0.0301030325538497 0.542109396906905 0.38944787861698 0.115476103779793 0.00017123317410217 0.00783616656010089
0.496802390021001 0.154083668481832 2.31907967076506e-05 0.0266846265951725 0.251390299799849 0.197269157551371 0.434762062045842 0.0652733717407844 0.00637940658312619 1 0.179106848093099 6.96375304920505e-06
1 0.542283538334209 0.00795691939904941 0.899639620149737 0.429478840186216 0.442694220020927 0.295299231337155 0.187861557355739 0.231309426677205 0.093383924890729 0.721745715435122 0.120478992489538
0.216887113578179 3.24248437819641e-05 8.5499107677224e-13 0.0119803643782456 0.374546477014113 0.400071906088463 0.0545984907864416 0.0103111444505088 0.214617291712359 0.269307736315798 0.00758253056237512 0.0610345959927787
0.0606939895899851 3.77503546741265e-05 1.10666633179601e-06 0.604039353695202 0.17597196693861 0.0431543651387263 0.00371231481940237 0.605675940742214 0.0167422433971443 0.372847372391927 0.000144730373061175 0.183663497770815
0.00562560152101854 0.0352221664725105 0.00898328831395989 0.351378263544195 0.000627106899756869 0.782255920995975 0.354503628402036 0.0255863587074368 0.0893013759793406 0.0920478584661204 0.0247411805128591 0.0231734915713941
0.657177596425204 0.000287250562135855 0.00601284488230469 0.0739571787839429 0.383242069236492 0.000279710122069843 0.0170415129677725 0.418158234963616 0.00244277933164327 0.0950157488302141 0.161263611929434 0.127919260874451
0.196156665049396 0.00783922962524775 3.31046242033617e-05 0.0969058084019186 1 0.808798425927119 0.562225505995534 0.0138810835758696 0.00389024919976377 0.030944373177764 0.55964761080661 0.318252989734994
0.0808421283397753 0.821567685905459 0.00168027978050034 0.303512408751621 0.526742702476315 0.0615908863345782 0.652887461184232 0.432162336002085 0.36838221400904 0.303344178915327 0.723034000933316 0.00275420134999249
0.0733337512035079 0.782816907766432 0.00658649183103177 0.520539653028128 0.065582102906919 0.0525204532379017 0.326374491555572 0.377706075535207 0.0814364236765306 0.626970634702815 0.279630010954296 0.17374419315684
0.00316907225404084 0.0708523837606909 0.0841479774601103 0.175236464372496 0.500287900704973 0.892171577821746 0.110927100907004 0.0876906674457609 0.369412553821795 0.123768021916823 0.0129167256224517 0.00152568943169296
0.335946627901893 5.57059596332232e-05 0.0034934647002226 0.511843480854958 0.255851837589244 0.173988068548842 0.00668712260654181 0.825382950769065 0.00384284696484338 0.206239624864862 0.880116349058375 0.500045525253697
0.359267742694031 0.498874604843631 0.000186341145993918 0.160240902858862 0.153659929801083 0.038806590852832 0.574187967468535 0.630305303517411 0.000173871766418587 0.717288662774648 0.00649110708131151 0.834152279323046
0.107427391814304 0.0153468600975045 0.000768054276853003 0.559665236323018 0.287873426304357 0.141657902289341 0.0446855631539861 0.0708942695898951 0.0845171866492126 0.382937691299599 0.635845733559418 0.386469292094522
0.0262448373541077 1.70567426168722e-05 0.00304983665258718 0.156392048059319 0.124664456357365 0.480215915902954 0.0148515048427087 0.41194935584685 0.677468129104892 0.458185972243171 0.0746826934005614 0.0315098910412622
0.910010319862597 1.17230069096586e-07 0.163953585535016 0.768553593943882 0.54743497767557 0.418373108610398 0.722305568088709 5.03775137250528e-06 0.000547062171278978 0.0412972228060507 0.0372503668751969 0.166581847030459
0.315457184026344 0.0246161252771554 0.000210798702856341 0.146969501143371 0.473476201658862 0.666415220291003 0.481211323481443 0.241181965343634 0.0612627489010903 0.0376915055857174 0.460316863578576 0.0974437145852062
0.622395967391224 0.358079436572148 0.000414019110699382 0.549601964453058 0.00227502862221873 0.315894797113486 0.291223163805783 0.0945470181830922 0.00156109071444144 0.17450685580629 0.866659739859241 0.0668258606658496
0.000976445357295574 1.38425177997892e-06 5.27431014887281e-05 0.0457813358797311 0.822529708321023 0.667629451430944 0.0256515611932427 0.75466379441131 0.0016640415811916 0.404844987403951 0.128052398099799 0.265923900028034
0.00458827716447419 6.54743650185807e-07 0.538486851142223 0.541962185408392 0.163044822167311 0.070645744943692 0.38510286839296 0.95585058188405 0.157916698762428 0.184902764981156 0.485373510648627 0.0557968708518904
0.184542876070546 0.0115663687886677 6.28290641735418e-08 0.19544508721686 0.492948250422736 0.805828278522439 0.0685592913257955 0.389750494459644 0.567898959250462 0.384955820446472 0.0746898274960409 0.174513683567389
0.0271079195201394 0.23566107416308 0.0010427477367887 0.0609004879213169 0.517543157799488 0.067641952782347 0.0117318462231949 0.0469531377766939 0.000758115840895024 0.334722993388404 0.096652857479443 0.00868413499019594
0.0197139361832077 0.00170619491574509 2.61826857690384e-05 0.907109167659116 0.0393476406658607 0.164189822177914 0.175495414136763 0.796950209156806 0.209103958310826 0.0144381554846986 0.0120300976329727 0.0637269904742866
0.0349124952975417 1.24762791194097e-08 1.9397198838679e-08 0.150457801255097 0.0454336615295861 0.761864578019796 0.00033645265175708 0.0003840475325614 1.75672354812972e-05 0.0256013486933525 0.414936380178074 0.0415427551590271
0.664777918250317 0.000323969817029424 0.0421908400459154 0.0404421660806488 0.525718818202865 0.17099715165727 0.690805748765429 0.532311925912893 0.00154565260741302 0.214444035933993 0.108283534156384 0.217845418475362
0.0849361642186746 0.00819265337238051 0.000200315581344701 0.399699416033343 0.000301118560386171 0.753141040717603 0.548422348592666 0.0275447116359844 0.0165635068838044 0.193040274300582 0.0322288499399552 0.629226770171499
0.0021285830389568 0.000509646081600201 0.00375334023018414 0.380977396932097 9.91354705481839e-06 0.0274483647062255 0.53383150010743 0.209691353483232 0.0004897658145252 0.000941852067940507 1 5.50438278819065e-05
0.00805334351879661 0.748830827523757 9.24177570027496e-07 1.85835772941179e-05 0.0486042049638179 0.12281943061248 0.404917092072841 0.200946980887829 0.127476172094863 0.0291721273609313 0.207899177043875 0.381141110858235
0.0168739164708905 3.15990818067213e-07 0.000100558948273655 0.362519005801655 0.0623612275141397 0.244667769315528 0.616878138582361 0.478025974695306 0.0625165012854605 0.0464458642838695 0.000930799391986481 0.00146202550856533
0.606453418951486 0.000931743070141544 0.000551475212966612 0.508626546472701 0.304214587658361 0.706308556380285 0.354056812627436 0.126643318150162 0.286857184637999 0.181968387367947 0.00374986398448585 0.124869448188905
0.0370087075735691 0.206140664098174 0.00132090366289228 0.0108293003602796 0.703278813121612 0.0042085077620887 0.108922780837799 0.726891699465056 0.133560733608556 0.237825630302139 0.00867142939852872 0.588484354090696
0.213600853472062 0.157381294671887 0.109090005863927 0.0584598335926099 0.0232174141821735 0.0129186610869213 0.757426266408026 0.747522808102774 0.000157531598297012 0.891149934359009 0.413732295963537 0.0116595452496521
0.182196527066701 0.023016922185171 0.0117096647866333 0.0134757970170879 0.0385994388372025 0.735203194827935 0.000181156062994292 0.00114049446518483 0.0240874766698362 0.0112742927352854 0.0190712676737966 0.840686798241779
0.70340165104902 0.000859742109815542 0.169395016770477 0.0319225674934729 0.796530242884557 0.00343948119697668 0.897726447822686 0.257466668622403 0.000102697254505846 0.188334531745928 0.0168465858821448 0.00255592488181866
0.579808400907378 0.0174161993458334 0.000383583983488256 0.244184552732222 0.372094841338671 0.523299817863001 0.786320588079022 0.0332745516178739 0.679361420621657 0.579098882382635 0.706819419334584 0.0380261194395183
0.0791859211558137 0.0231290646012288 0.00404198950645041 0.723803596392949 0.247591798384531 0.346954434105072 0.614237223920754 0.0945514192582183 0.0201320047901656 0.248350286315596 0.384243732390109 0.00244688072056576
0.0524902988988937 9.00347871065189e-09 0.136542756404241 0.0309085783316972 0.000178845487390999 0.253947158974619 0.0599719192875878 0.749401840119719 0.0836128381243276 0.138102006476924 0.259150266142752 0.0189989687724377
1.4037660147324e-06 0.00413467355976704 0.428533084229978 0.13582108513984 0.220877059445275 0.099639917740837 0.048682783720763 0.0999191725698834 0.00426658786523504 0.323816785125708 0.000258373716181315 0.000252558635796651
0.091636642137911 1.75480868096489e-05 0.0599434162479092 0.00842564515198141 0.0230727846150934 0.00488231706448572 0.0217884344425179 0.289057050581087 0.24650521168709 0.208509794044243 0.0459313386943321 0.00837777570455112
0.923259712764279 0.000407635689576469 4.80151299681042e-05 0.0876769462689838 0.0572601155606481 0.804358179671867 0.489660767726203 0.555659437903585 0.194042963853554 0.00933950718629983 8.04963708203719e-09 0.117136801841493
0.445772423883349 0.180798623426475 3.16287687392485e-10 0.378064195358153 0.196151497455451 0.733997817489774 0.0518456342179213 0.498189321446694 0.0427263633338116 0.119425142933328 0.0256314055423911 0.000109886029375228
0.00784971186298289 0.399946603970629 0.000444922028103867 0.291163705449035 0.000248586311019761 0.789502918580672 0.830778857643361 0.106333388312557 0.000696956194587761 0.0522354100443683 0.00022393450792535 0.20053570131653
0.00233160780609154 0.035465856195447 4.58519826235237e-05 3.43093442378706e-06 0.836966468176303 0.208565018242881 0.0105459050391575 0.124679689525921 0.0264412733233224 0.447694728221372 0.218716621827472 0.0256277928663221
0.0516332380862349 0.0075642671597036 0.0362890328205477 0.0923036798692627 0.560321001034493 0.0259036249241322 0.734638705219581 0.0498861956725908 0.075701225753724 0.0120737385461362 0.0237893068622334 3.1245877344932e-05
0.00652912129367089 0.0377083163547062 0.0126416641136834 0.373018088841353 0.629100374322396 0.0076117921191432 0.0511456126190218 0.022456583417191 0.0488389070432715 0.184950909239179 1.79156412164858e-07 0.0674131819680456
0.00122007245944622 0.0483478236050475 0.101162052758348 0.00612244975101728 0.00227475018519208 0.752026938790999 0.209841567110125 0.219807307338644 0.0187448210112185 0.000230834700803539 0.185348960483448 0.0304499057826656
0.391685774450823 0.00299278954687643 0.0252447276480814 0.0432874941975283 0.033068107629459 0.753327977318481 0.788562687622402 0.482166436689926 0.0690727389433856 0.753870254104198 0.0803855574832584 1
0.00102826852812388 2.33125373297893e-05 1.04982019848432e-05 0.047427464268456 0.801820478456519 0.629447800949375 0.419928071499197 0.0582601646789367 0.150274158713917 3.08992711950395e-06 4.89777458657636e-05 0.00275586882162193
