prox_p prox_int_p prox2_p prox2_all_p prox2_int_p iecat_p skat_int_p skat_ext_p skat_all_p iecat_p_syn skat_int_p_syn skat_ext_p_syn skat_all_p_syn
0.921843567229285 0.47057428397676 0.92182936582439 0.49017544373093 0.470591641829716 0.913503884560816 0.786025314928 1 0.758476798195924 0.2486964658161 0.106213917646604 0.598422720785199 0.293751608657539
0.716464127365197 0.233320873795803 0.716624460284949 0.246895546056499 0.233487641875056 0.207858591852629 0.489494872644232 0.190806735430353 0.138458624153393 0.881677496709714 1 0.569993284339539 0.583776306619368
0.170363491844238 0.251623225747556 0.169934098944777 0.226889236796222 0.251708555380216 0.292765135251146 0.456503958668291 0.230102408392412 0.203682303181515 0.447188734930267 0.493504538599751 0.865690905513059 0.848542377577775
0.125305365821294 0.443486860167135 0.126399705047449 0.388754192094002 0.443500743338361 0.438430466110994 0.478144924685035 0.0734496862410929 0.0833498396570509 0.290653724772331 0.481694612713264 0.900860761233813 0.857596340284671
0.952523967529478 0.831685949468458 0.952518271912338 0.748337434035498 0.831691028150365 0.285720201620642 0.243880536873742 0.617100319252221 0.541780974406523 0.478611206553644 0.466886971726644 0.832079947013163 0.736273459906103
0.645987948625549 0.0375084905949818 0.646203668053617 0.0436677260058207 0.0376727540571529 0.763393348404376 0.644362350184931 0.878358154561764 0.674934371182128 0.231197145337633 0.307763416491456 0.670269385580718 0.51921312044715
0.764758076001991 0.684845283581482 0.764695740526751 0.684847067573631 0.684847067573659 1 1 0.531086640989754 0.5373018161947 0.626226362762207 0.933854253313573 0.641001319564189 0.715579537668251
0.906069524806747 0.493454793489739 0.906051927484001 0.482265086729316 0.493463996406629 0.75784299928975 0.458518905272784 0.425256854718701 0.468142754310031 0.495114437705405 0.908104400977351 0.932809603517539 0.901002421002294
0.483426352333281 0.962588532693749 0.483094620964663 0.952217145959601 0.962588582039131 0.443205493438201 0.764872695736259 0.334640113394017 0.418823388365298 0.858372974145059 0.814978899358152 0.244267025126129 0.464710061795477
0.930968185311208 0.567031218097651 0.930960043586697 0.567338754496878 0.56704694691253 0.267438502037101 0.174338704910046 0.716136725621123 0.774739777678899 0.677173560008976 0.657629625944741 0.712198499755424 0.936833630882091
0.646671976476098 0.810042727044439 0.64689650013076 0.858376019682029 0.810047121796887 0.770341107238699 1 0.858800650673307 0.935721678943965 0.611304502077987 0.693663199731385 0.399370480091993 0.492900066965074
0.709457316221514 0.591414786679868 0.709656069546597 0.605552946419558 0.591512808496218 0.0842978003643845 0.0629215521614724 0.899100915471359 0.602171664747066 0.101377342625316 0.054171683023046 0.759249461832167 0.414947164804677
0.500163606126936 0.656801810619504 0.499889055012775 0.587023021529209 0.656801734862432 0.813452365550276 0.895810062892072 0.894129299430052 0.805941563193136 0.894752144449603 1 0.828268212669243 0.89244643385774
0.937957674116429 0.737776313734362 0.937965829010788 0.839944372019453 0.737792166535488 0.538156909691575 0.624443601743586 0.849111862819047 0.568328109448234 0.208968997843203 0.269850238634435 1 0.861706130975424
0.808911798887158 0.973286463928477 0.808797283587653 0.974211257668592 0.973286448201729 0.932986603641204 0.853891374741311 0.664222331587624 0.760041891775773 0.148156327387982 0.290160622151891 0.593775421687506 0.391268323391921
0.0894094454159526 0.708407855517108 0.0905078814846545 0.738144607210831 0.708434203648581 0.823922467086205 1 0.710525536238674 1 1 1 0.224680271830276 0.282510288978135
0.0356942083352674 0.0179574451541718 0.035305044765567 0.0201805939441267 0.0180968971100866 0.549056440119478 0.530055073130783 0.68127416879663 0.693623156612747 0.160929803519553 0.471668264878727 0.0237568586128084 0.0161176633931387
0.960345592812119 0.179184302573054 0.960342184710832 0.190331637729127 0.179430865954727 0.320939306751046 0.138285696350943 0.434313119099644 0.544972979630298 0.435128938999637 0.37651602667428 0.673061672659943 0.349122833537604
0.395560039702457 0.0403465216396402 0.394923760657243 0.0354125581210535 0.0405522960492435 0.934118673649377 1 0.510593714376803 0.481394459343397 0.360075316328049 0.139679780682969 0.813745111282819 0.521446452503528
0.685015306955557 0.796585560222213 0.684842262282052 0.763084570844672 0.796582055754081 0.857789724916892 0.750884478709182 0.843908318687761 0.812980919929519 0.721938808565233 0.76586945281825 0.374659836932547 0.424670759473824
0.220651952912281 0.270696586092196 0.220107075207272 0.270769377995956 0.270769377995909 0.521391459610509 0.299003049268018 0.18178771223855 0.157545887514475 0.643442919260219 0.866676023285689 1 1
0.204130963553539 0.810263804924319 0.203399376290332 0.828576267369336 0.81026791214571 0.187674236988496 0.250260210349205 0.32701517124462 0.434916390786385 0.896083675748445 1 0.769153478142852 0.884976888516232
0.410506369664515 0.497596826331642 0.410102629823382 0.493783856005174 0.497688527895421 0.686449966646037 0.530185796101672 0.831359749328517 0.754847277147944 0.588597782748472 0.459324672452649 0.748024948909943 0.435699516500443
0.633430578074477 0.312325304378665 0.633782351353176 0.257730272536709 0.312534943102987 0.440932116443849 0.650560882945718 0.0381852522042557 0.165175049887917 0.521419940615392 0.521976763726637 0.0545062756079021 0.0440876908933905
0.969338095831901 0.723020047440486 0.969340206782634 0.70331215913743 0.723020338841483 0.416052863449397 0.625021285038612 0.48871984908669 0.470750065512105 1 1 0.736409230546682 0.857920204619472
0.0823280403594417 0.097405936497889 0.0830951284811297 0.0994669672279466 0.0974862933202605 0.220501922675208 0.13229457604298 0.0781411629393693 0.0217814322042559 0.160399156234021 0.242937331489263 0.763719530811156 0.885012356039436
0.479190972454787 0.614618770964946 0.478587027308438 0.626645341279648 0.614645594021615 0.819678470758737 0.773495616375063 0.800836941769096 0.821166806177122 0.922528657433794 1 0.7928524562769 0.790275926134671
0.314525690122245 0.601049660838459 0.314032729684799 0.580960813216476 0.601100282754182 0.561552571065302 0.772207616100642 0.51771705841941 0.604047193985477 0.522575789461252 0.710031804474229 0.236566406856714 0.219502756738351
0.783599390598551 0.325251421155684 0.783705607296179 0.381609814521652 0.325316501230742 0.765864251102304 0.58468009724197 1 0.900694598309997 0.436522710339222 0.310769150671843 0.842909085927334 0.589326971117056
0.711212265124286 0.250304185665163 0.711082746518907 0.202040197009285 0.250513663848154 0.718134876411558 0.772604412369026 0.800333533028847 1 0.119457433513402 0.313762910936554 0.732180621475855 0.368767791953067
0.752269093934993 0.596729007323666 0.752433683973419 0.533175140538123 0.596757109131669 0.718245632953213 0.904357250281047 0.558293581059205 0.815218688792498 0.335782288542166 0.823182793017179 0.505258376029325 0.67727554203745
0.404247976710831 0.869407709426186 0.403760132551253 0.88218012686692 0.869408484266786 0.337346800123902 0.28546477554671 1 1 0.468523018731112 0.575348675670457 0.519675974451675 0.719070269764533
0.84383887491322 0.625347563854406 0.843795682323395 0.696090523202037 0.625365108279897 0.874091745174636 0.734027798705805 0.612218522881703 0.824776898503545 0.618048287131613 0.816278430521118 0.888458746054472 0.871515239394338
0.77724703005187 0.0974730082507961 0.7773451027979 0.0822033902121662 0.0976075489873244 0.546475633327774 0.580173512175242 0.0518495350597579 0.0283372287095977 1 0.854133740358998 0.395576401027927 0.722449366107521
0.820130789521419 0.372009290820666 0.820181671800993 0.372010592539469 0.372010592539425 0.503467509314312 0.412140561712322 0.0907689159648926 0.0696663706164102 1 1 0.387932128012746 0.578543476744241
0.105967521157839 0.901717497033784 0.105430014234622 0.901718330508505 0.901718330508451 0.56009232637549 0.694427870968423 1 1 0.069264233125703 0.177354829233204 0.0921912528881697 0.0344399633446532
0.273972851985865 0.700797178889215 0.27316049233311 0.700805866137419 0.700805866137573 0.723852579526338 0.527002548903352 0.191601720056217 0.516298745025569 0.317460006624807 0.225074304394376 0.44738514080004 0.511482924703165
0.252051051399455 0.0804702539630716 0.251197355452123 0.0727700205422442 0.0806514129267285 0.0867126413423935 0.240084409742917 0.164324148479392 0.134708722485418 1 1 0.853092059875083 0.79576090780418
0.547883940246608 0.160096872657522 0.54824540106957 0.174659961678905 0.160347911244727 0.152785461387009 0.413869925381521 0.767724214027098 0.664477050688958 0.187292271624421 0.0906842734531107 0.0491801842004141 0.113462985961153
0.828246606132966 0.741470851796335 0.828316736734269 0.800056456113069 0.741462363335366 0.284762443966306 0.272681541127427 0.846953973839706 0.632005742506805 0.482219807850987 0.57828259715597 0.76896677451739 0.751420857310322
0.644315878864151 0.765880406916455 0.643997976382454 0.710040732109368 0.765893857620852 0.248147030190408 0.709994356636596 0.694158014478179 0.801304105106479 0.369494771675871 0.306397154276854 0.539009766043668 0.446214479171156
0.306991642905108 0.483098153287021 0.307992053355996 0.56087327245628 0.48311462505305 0.547564226598857 0.462253035088465 0.355325114426468 0.299971531027882 0.764955128463585 0.847916361565564 0.28897961088617 0.587647448155094
0.954931475651197 0.691941015762261 0.95493571146672 0.605478157937995 0.691892881951846 0.00221135844308462 0.00169002110516925 0.0576965247597999 0.00982209588130278 0.181816668598989 0.300001059768295 0.296219935122981 0.181312670031506
0.916235684940537 0.127579965145818 0.916251936924129 0.106819882831808 0.127669393068422 0.157586140988612 0.494295298552594 0.706676077660208 0.337223837088243 0.639552164226652 0.729345575297304 0.89422673217805 0.847764045224913
0.297645402272589 0.350027348875575 0.296913417108235 0.370353075132088 0.350183962167075 0.680743410867936 0.657239562776702 0.668907342150476 0.729078753051525 0.492612521355314 0.390607948401625 0.714627786136642 0.838232967008943
0.94508073322872 0.918853724143801 0.945075343542578 0.952152676600756 0.918854455905482 1 1 0.569295261728839 0.868222317457158 0.669663661935738 0.733592574117486 1 0.918406896623785
0.482347843043658 0.76824878935106 0.482829673849815 0.676246206893199 0.768261158898518 0.914485284974123 0.633617208203046 0.562991401074431 0.448572183548011 0.445613803493595 0.565299384300805 0.879443682869394 0.797313450985199
0.799412283910253 0.30902838868052 0.79936419405264 0.311336445779765 0.309153369599369 0.157060881606887 0.0483846177499995 0.0885602520227866 0.247588946294804 0.213698638980881 0.297511310640933 0.328089644399371 0.251672276518991
0.69639894893771 0.468425648942482 0.696220502362492 0.531931165524964 0.468508818116906 0.631935688566363 0.728489470668084 0.487666992695122 0.811684744639796 0.674705520606775 0.52554778485476 0.567121426708758 0.4900161029606
0.859566790134952 0.383885753642034 0.859597584416303 0.383911909317368 0.383911909317421 0.699343865372202 0.749048330327077 0.580516998874258 0.324400257094191 0.812613166448748 0.919834191093504 0.854529337438115 0.898419061555971
0.0703114863552761 0.48294727332388 0.0712906614952013 0.337409256033585 0.483015798126779 0.865696628013092 0.773037065994939 0.727468191139579 0.851150438324151 0.405739167448833 0.490622957587963 0.163747744035804 0.17513018363175
0.124397654610473 0.0680827760393505 0.125466408619507 0.0783042521029134 0.0683495322070304 0.545417316459882 0.886069416015378 0.487355057502526 0.543898647686568 0.653092646510713 0.762568180399859 0.0449672897945753 0.0402396908980289
0.794135695268283 0.850669175689811 0.794234422690357 0.954346815830838 0.850676473805452 0.300108912713372 0.184132090815315 0.739016620927773 0.713850022633879 0.397916591271566 0.208367050701559 0.64952852948131 0.508144834321366
0.0820628762829877 0.238454837194781 0.0831832350536767 0.180111203020154 0.238831008712987 0.160952128529721 0.372062013379771 0.830110616843217 1 0.282916498915155 0.239106655098203 0.143886714981415 0.0513756718569542
0.11078980603884 0.739465088902281 0.111735544651221 0.701833740650485 0.739492322276182 0.868175971270167 0.768071165280556 0.678857283391088 1 0.09497512478215 0.0649554347595044 0.297726556603641 0.29116124223789
0.260182678744572 0.823285615195451 0.259638879596967 0.79946453128778 0.823286683557314 0.841181008602106 0.588606910485092 0.939022462525926 1 0.935909669491131 0.68812096523641 0.400624085820733 0.679017675669768
0.0485960978924853 0.190745434810353 0.049383599093103 0.191101043812609 0.190957190424545 0.770406615443936 0.850328888532491 0.190048010336144 0.399977837701801 0.126234396391922 0.138392243332991 0.396492219060049 0.242796945356412
0.880247470015912 0.645761545184352 0.880280114711572 0.831505102997146 0.645782461204688 1 1 0.5464715876867 0.609848497625512 0.179855230373299 0.245058661825237 0.866947747196659 0.450805993539853
0.593160434826178 0.282205019381403 0.593546835207729 0.324648155821872 0.282506644689745 0.871383052087873 0.857260346033447 0.491922219657406 0.495228321940919 1 0.874018291903377 1 0.728044888068641
0.737213610761248 0.936769565660573 0.737081150570136 0.963600750728592 0.936770133815392 0.0145204264881933 0.0511109509151433 0.104544827013468 0.199346053938727 0.88511368770191 0.893114524223143 0.149539777634247 0.331970803022107
0.292572931959716 0.556466413585279 0.291788164784985 0.567592827987828 0.556488906693151 0.857068129904405 0.853136883821744 0.662962428289412 0.910185765124569 0.367875426241145 0.273125464723533 0.70624654106398 1
0.541533153105031 0.934178431548335 0.541821724838982 0.934178119826153 0.934178119826221 0.93203699277647 0.898620243192315 1 0.906879521152952 0.717116696368802 0.828485094061289 0.775227311271566 0.927565259930076
0.249234227156756 0.5354625948583 0.248494371003995 0.43993985660908 0.535479056780532 0.545099595587946 0.362776397187042 0.563635789611483 0.506087219274041 0.790287883210916 0.648601474672666 0.499134459580789 0.551262005649957
0.821970558823987 0.260384870104773 0.821912614343679 0.178756690975127 0.260508284750754 0.908737790816468 1 1 0.83735644343574 0.442394509516298 0.487054467781395 1 0.794067201365431
0.937037362739805 0.110705795622068 0.937029658514454 0.121953552401166 0.110928052209607 0.551650975352975 0.614076598876388 0.23132813885498 0.312117474844252 0.40693240847797 0.287141615518508 0.515667771339131 1
0.116019340960745 0.756695301258237 0.116970069289371 0.85427221133201 0.756710592428412 0.659182402156077 0.871783745400769 0.475152606079108 0.415283736613147 0.152552114850461 0.310607139944707 0.0113065034708927 0.0397288569107249
0.582408704765671 0.648536751489932 0.582832198555735 0.610637216140085 0.648573699467622 0.906841840700482 0.937754219385227 0.531217045688595 0.818408079664018 0.714702525137086 0.675872252419011 0.908470110456998 0.911850304681388
0.776481563702212 0.632514437470621 0.776405876535331 0.6799381361397 0.632521834827942 0.820090717376547 1 0.838574153029462 1 0.781097756479232 0.735182834125532 0.76777455433312 0.848814539783195
0.540070099077463 0.751970704814039 0.540391439186165 0.759589262925774 0.751975676988775 0.257180015394355 0.279266438698828 0.795758343646773 0.816852265073567 0.228290822281971 0.307770108819033 0.777670645119877 0.375751644996281
0.625578534196885 0.416779237967703 0.625804544784363 0.42853411920141 0.416796329047181 0.120202001825876 0.0585105930588721 0.804221908933539 0.687057805335092 0.774659083632546 0.795333759008294 0.598484225686676 0.736030928332254
0.000845560369972371 0.000522604869807614 0.000980198946212573 0.000560971720249513 0.000550767973353884 0.024994777794634 0.0825783199525175 0.0324574255581119 0.0232103808471339 0.0375637930473069 0.00328900839838153 0.023902515408518 0.00946359016072229
0.898856659691828 0.612428842861441 0.898838723661565 0.583408025076032 0.612444647852365 0.772440604810229 0.492234366626839 0.768657042028941 0.744025011884648 0.82939678256794 0.67604711346053 0.935768703569764 0.903126763105394
0.346736018701106 0.428902032495265 0.346162577085933 0.407153754773524 0.428886722931507 0.497751557969733 0.422846075242437 0.38225842799207 0.1999912977574 0.737673468801723 0.92570637631172 1 1
0.806501953141326 0.842536234139471 0.806427107656979 0.826218311566466 0.842539168422801 0.674394473256517 0.690042742632182 0.876317190440139 0.890800579705383 0.475907532469032 0.672125500456234 0.874157694907861 0.664223814059815
0.63292253539799 0.918129387304031 0.633202468737859 0.837649460004389 0.918129387378337 0.550690044221585 0.761131541808014 1 0.930845764141711 0.849981164166874 0.458588202815224 0.765766699145475 0.887902130205527
0.139705596710578 0.295014282060113 0.141151085912627 0.269098779208693 0.295106293776961 0.781329861880739 0.536458468829056 0.850703404370853 0.738104479534612 0.483455102641013 0.727128874087703 0.281688356547299 0.356176149674707
0.27243928983104 0.446755289304535 0.273268406919875 0.419817994998762 0.446771349593206 0.697866737533747 0.468792954873815 0.640665418177296 0.691236021099896 0.76175193166172 0.648607230855083 0.454595513773741 0.65284224152027
0.453209552402916 0.373756815027247 0.453653618021485 0.383135123021606 0.37382836714132 0.35456558115631 0.236231914311646 0.52696907442525 0.451732512651274 0.593783187254718 0.399117496979448 0.398070989589249 0.373927587287005
0.691869812337187 0.998057199918477 0.691704211488812 0.888618831335603 0.998057199256784 0.489544903039398 0.569454110027383 0.630067820234023 0.514642275116393 0.346281966631139 0.410273904049767 0.919571982570562 0.819892097310475
0.110172154861122 0.0820868648023238 0.111045284528516 0.0898162156434015 0.082343324698524 0.252749031091596 0.416923979432954 0.259946584861168 0.291330531189708 0.335723144132324 0.197753245294693 0.266698892050569 0.151870247649711
0.10267636297107 0.782828064894054 0.1039169949678 0.788696220172815 0.782824284518205 0.811649799699155 0.480079842668123 0.872189514065762 0.814932315025424 0.541039421774739 0.562235291642851 0.133000345976983 0.473564901258994
0.662538934793071 0.81535151404149 0.662850833787442 0.881614918010942 0.815355799049842 0.918542389334433 0.88752813909794 0.828393912974905 0.844791969619658 0.882578874773295 0.815571418122801 0.610358158275179 0.695444497911307
0.161563118448371 0.986528149822954 0.160689143401528 0.903274773073428 0.986528147169139 0.31908207640195 0.399518481425841 0.853648851609161 0.779728281445544 0.883395419793974 0.871443162571663 0.156272978335192 0.386509122087608
0.510337006794237 0.327794210168324 0.509865694067691 0.258279507253544 0.327775003287378 0.245117281014377 0.32586523418516 0.491728635073315 0.152091403699816 0.0366975433159507 0.045921537253777 0.00475817075731455 0.00208852144700944
0.078575512106892 0.344196560869835 0.0778636892349387 0.374834582157139 0.344287552359951 0.204398851248553 0.282722486406779 0.372902905810015 0.207021254664814 0.706059511572552 0.56816072682164 0.349758234556489 0.366116224886721
0.959730475501386 0.881303233569958 0.959727125676561 0.891583149488123 0.881304481841244 0.818784456955018 0.781144241606591 1 1 0.380175004864144 0.530301690890098 0.543362462602438 0.378378871500615
0.985782502298466 0.398016063706917 0.985781943385759 0.378596142930566 0.398097223993555 0.928719758960835 0.882049811507192 0.751651785186468 0.883130581268442 0.241032409800647 0.264331969959143 0.601905336753201 0.624969234988718
0.96762457123548 0.435999364279792 0.96762653982334 0.442104703282471 0.436136434389998 0.88466985269266 0.900298781289524 0.52775920826204 0.897430237166571 0.334970128903186 0.321623925657917 0.653260907698664 0.421618107555106
0.843363536364683 0.775395726005815 0.84340482370398 0.775406185223913 0.775406185223805 0.618141329353985 0.717221438955251 0.641798603232232 0.741114548385144 0.445521254799123 0.441847778005532 1 0.933758123624008
0.0252987073924816 0.959526221137944 0.0260053043742589 0.955352726864827 0.959526327127766 0.219337195296029 0.730667533551046 0.408513873693374 0.317362142528499 0.282952150552579 0.253317414086245 0.0223891765119777 0.0956574573276922
0.426361883292716 0.882334503452702 0.426864345536113 0.955441828536159 0.882332180675549 0.841852604825383 0.824555077181972 0.91180806152418 0.749371710180044 0.491701675558734 0.69107221151941 0.327135599558126 0.584540877059333
0.254955612284435 0.441444194023851 0.254133365519804 0.536693616047426 0.441540884731022 0.821295017429192 0.860727977484726 0.448131289548075 0.628758429904065 0.431933396260169 0.214508626865098 0.796955042361123 1
0.573026867386165 0.88689200277576 0.572687437165981 0.88689342084883 0.88689342084884 1 0.931144262311713 0.867862464202804 0.887753616949062 0.624827657541899 0.760664502156304 0.746886821019125 0.624085328714226
0.758243165706368 0.850515799674865 0.758141011140318 0.919702353608812 0.850517584700013 0.924401878251298 1 0.917631986790228 1 0.726242341839581 0.846364107220348 0.890097567147484 0.90060452082051
0.552401099712209 0.088687234737498 0.552147200960574 0.116960316379763 0.0889033059957778 0.90935061466628 1 0.710300399382561 1 0.171033418522152 0.10437870249708 0.470442702485202 0.288345818237262
0.876083449970938 0.629688635961509 0.876055793616114 0.586102873771316 0.629708627103618 0.238958562555203 0.55170549507365 0.456584507703688 0.512775268645163 0.840796291705081 0.807845509050512 0.530400112531619 0.764608976098884
0.484279320888373 0.757257501387883 0.484631443553156 0.75726850124183 0.75726850124176 0.924953007258903 0.866238465040319 0.45639826522669 0.761965949400731 0.561752262373615 0.766009814108872 0.929521968224219 0.850843622246192
0.894271706484477 0.242896097369353 0.894292868821116 0.243096629224542 0.2430966292246 0.927413728352345 0.886381729837596 0.348739015750087 0.411642998500633 0.158921818465251 0.226699695562811 0.549590171753954 0.489346591386804
0.313077997963822 0.241205468888103 0.311975271768146 0.339200511706189 0.241296624975 0.204470844466106 0.143508854335965 0.402390050028519 0.269299160581463 0.321578755890601 0.303942242855792 0.395432669736705 0.351212002605119
0.659602588705467 0.0340918815561906 0.659362599976039 0.0288691715613273 0.0343047879738957 0.125952675515489 0.535236128093826 0.0568980819823289 0.0534924332832486 0.622956467319033 0.422361729930242 1 0.80633795707057
