ADGRE2 ADGRE3 ADGRE5 CLEC17A DDX39A DNAJB1 GIPC1 NDUFB7 PKN1 PTGER1 TECR ZNF333
0.547474042157787 0.672126418637532 0.0272861120289422 0.441238397827062 0.964869938941302 0.835105552321387 0.00506243791359991 0.314066607753062 0.962200639853227 0.146894004951287 0.130026268511376 0.455637393677297
0.349706534088805 0.678524964330182 0.686915651918658 0.382435404897407 0.0815962529327341 0.0682938505306607 0.611590384082212 0.576840840878209 0.981012357854666 0.297079517020257 0.470441446441446 0.965567340124442
0.832659760189861 0.792604503098702 0.0341002760143157 0.128160980140625 0.572494008310308 0.196311408787541 0.461007298351986 0.312644922028455 0.51956431907314 0.101867946541778 0.699465833735402 0.05346315335996
0.257766657667029 0.469165304279694 0.876445780289918 0.581572063232121 0.69895587306153 0.169276975389389 0.0429264898971635 0.186113873244907 0.199945472567084 0.220754951750192 0.531860845906032 0.646930706095703
0.857881265260279 0.656360529523231 0.127956573378315 0.768288582032138 0.446200174809758 0.848416860951039 0.0696778854177253 0.57187402152549 0.290553828589753 0.126026989566766 0.429667466224903 0.657889934160992
0.805614282275739 0.968855342088236 0.849560772149653 0.160972452149659 0.971683990650644 0.696262773734439 0.105682303464135 0.621689084395612 0.143934079831059 0.399582937154789 0.0764608500060593 0.627269902372535
0.830210741205831 0.99791370705643 0.627343616809237 0.425580171282091 0.599583739700464 0.102634639814573 0.0269807568482403 0.00464499938775583 0.439156697490552 0.416553663349677 0.548602021774114 0.618583693567864
0.958683762175751 0.68423671492302 0.279219160499091 0.701261004348922 0.811855254465378 0.979159738398936 0.209376759353667 0.130313643207337 0.965624696426026 0.88502873476165 0.323233038688348 0.0485565638536416
0.705248703680167 0.447036041420144 0.425428607090819 0.757258250561984 0.487617051359051 0.765011746423615 0.632959191034559 0.949672065345802 0.827338719929646 0.229992965576885 0.667419541083649 0.630608116508037
0.807720042058429 0.141321174435564 0.676676085014454 0.569743247584613 0.565149569547235 0.179662598176122 0.581757154481785 0.868482380714497 0.320320841633842 0.5414464119527 0.917325294922076 0.462372541467
0.577846193629303 0.156751115613385 0.150353348336185 0.343187365077535 0.998711480681534 0.971607780169926 0.200353105665149 0.89636788836378 0.2892069471012 0.769439352337158 0.271973319054331 0.34780385609568
0.59469780267429 0.615859055892385 0.843153915670546 0.00342596852576885 0.265028917114499 0.465204173340722 0.587926029077164 0.665106305642797 0.835155270275138 0.390050082639497 0.110947744916258 0.186838374881768
0.895119320974059 0.440302311548397 0.560324662438756 0.252653122589664 0.0597161393584374 0.813504580415275 0.0448631533549762 0.0241952965911687 0.578246854101604 0.00920489422326498 0.721468124620609 0.278268897579297
0.951300736619472 0.999308753452687 0.254926552269443 0.839669923414235 0.1864112907964 0.111734956896758 0.289604156308 0.187855610778639 0.264084662809024 0.00576380862235069 0.328030018827372 0.438652391655623
0.758933590355676 0.761807498605951 0.518272384383824 0.182392024147547 0.686241294541713 0.599893681506268 0.748464602932211 0.773234367749107 0.72027474621978 0.928831863340006 0.891468158103112 0.611161474066729
0.10830251019179 0.700229306814332 0.824426782217622 0.161167473182651 0.178756039621443 0.917848217080656 0.329110923616246 0.595500164601848 0.463537006947489 0.898234842924871 0.491688477406304 0.87601338458738
0.546160125782269 0.486464598104507 0.865933904544601 0.689212026315829 0.0871733060710211 0.660824164105412 0.333836178831715 NA 0.135417529645569 0.689357798630161 0.607661011589961 0.181359751521549
0.265149824889457 0.483045798192809 0.851430158810823 0.487427377937841 0.732003066467318 0.719490940153382 0.0873022930646965 0.994613249710351 0.726616132271263 0.0874211220771425 0.14315411764323 0.673035975574619
0.271015084660188 0.687364996246365 0.438638947398086 0.638141863456921 0.456032656376948 0.436322883583245 0.138576711633168 0.254492491091873 0.147755680179301 0.657274056745981 0.899126992473648 0.281674858451687
0.354145783803079 0.284943451140261 0.0883836661128622 0.446740187117288 0.364697182350276 0.13937732604645 0.0432424751221923 0.968868249056993 0.479420699996807 0.0167756307410601 0.814378825652428 0.467361833256779
0.498095651375204 0.814348787723946 0.0484572003702186 0.862899738232343 0.8557273655102 0.378441701716588 0.406604762796672 0.0427978580227849 0.981251212509331 0.147302143265658 0.120090392533038 0.631803854126004
0.837747386732501 0.531324068046557 0.457757653382494 0.165688130905217 0.761183548705794 0.977344693080958 0.306950089572764 0.150017766935382 0.246408021610557 0.731065537814423 0.195174558890735 0.671099073287431
0.190066444340335 0.202212045722502 0.313943532196754 0.00509701533669052 0.791902914821781 0.250692395609807 0.920475816945369 0.619482130322256 0.437886818226064 0.128869168497296 0.709771929021796 0.679231372615973
0.283733265933889 0.0972532188107828 0.976004847860499 0.00153390262934695 0.599867614777511 0.338877612767674 0.0293109377917842 0.527471959036794 0.237759097705769 0.745006925000043 0.567464772294173 0.77010548717914
0.416963442366861 0.649460726165453 0.289980362328967 0.899273699904598 0.549771919407265 0.76778600015005 0.677644165593695 0.0429747923489039 0.902061240436075 0.466983490940009 0.709485113927951 0.830732285897601
0.174142368215448 0.181349692908992 0.253378395065485 0.460574218159269 0.394402433608064 0.439595495630105 0.573587430485974 0.298610221306312 0.090543931308796 0.437018590109344 0.260248903627865 0.604055470160971
0.499448176473564 0.633351811390673 0.812940677588582 0.190012328413175 0.0902630014399359 0.599092652531301 0.40740377269985 0.994579069087924 0.519035962636281 0.656446075116693 0.373730964239124 0.10384586847362
0.102316567948064 0.332320189395441 0.0491327247536634 0.364000214760844 0.601866882717546 0.0577673741970084 0.503781492821759 0.32528515699964 0.113853014807341 0.178992504781605 0.730457461119295 0.927237669050572
0.520390139201367 0.957012282446513 0.682654954091623 0.0294086868050753 0.617371645484396 0.97488264918012 0.725396972911281 0.620066188821313 0.718839123419856 0.505714924697666 0.441449729861404 0.916590515100172
0.0107910099786494 0.891314171192898 0.754445822592982 0.0719595928941202 0.239677633350721 0.6845325040608 0.284778241087835 0.187454137859407 0.678169652982065 0.546844491374775 0.330400817597653 0.882063001567003
0.572634943149026 0.240420813042057 0.946524042132579 0.619480431449137 0.380290682885576 0.0252306548308077 0.0657503181967858 0.50431046264206 0.721703278714058 0.40730342988755 0.437622101422491 0.112907195759506
0.839278150219569 0.121136509368381 0.345985824477119 0.779028468417611 0.919332727506339 0.780686313889962 0.0672459913602204 0.536641028413678 0.449225671275032 0.47114276372485 0.439067779196718 0.15574102003169
0.296899704799052 0.644940117841074 0.33181885553373 0.0694852197980301 0.82240489506816 0.777742411438415 0.91157855790879 0.301385692780334 0.170826319811338 0.134525977193403 0.277521374279082 0.0176495625514523
0.10842585276334 0.865626865124518 0.860919837986256 0.849313072380214 0.177622375537904 0.331086074937529 0.786483162075359 0.259051783431206 0.888565413250835 0.652270395321382 0.610285744421936 0.311147979348787
0.396872640415319 0.256907258577519 0.575243477408181 0.814886317562853 0.455498065298103 0.336389602613485 0.328133049115463 0.462498480569866 0.6785686743573 0.56874679227815 0.859601802418001 0.687186577995381
0.757622920498667 0.0633839045750834 0.155661419319059 0.259232672215501 0.0158852299821707 0.110953457627166 0.887618526780144 0.201348865010004 0.926118587407673 0.732422356823801 0.0498088731483342 0.168253647380743
0.174238063844204 0.304491265125404 0.56342239806784 0.624212892260588 0.259649680663428 0.325777814061593 0.791036584163855 0.792229173639589 0.700089899112036 0.184053792236002 0.525674195585521 0.898877766448098
0.541524337434742 0.832059596159825 0.487990743270354 0.018428653693969 0.107554828618469 0.233559913218318 0.878627384151892 0.209453945063776 0.716829300020412 0.93377210362997 0.0161499531663564 0.872037254811261
0.00433419780696623 0.1915862483639 0.125488434716685 0.338257686965787 0.654067837145876 0.936406940797177 0.119649438697664 0.956468572921351 0.594957024377712 0.260807771655046 0.344460580872565 0.180754926490457
0.390216560297445 0.418293392596966 0.71800923264475 0.410387522700518 0.528251058897117 0.793032298848862 0.328953161661148 0.188215047113527 0.778141242301931 0.227219093282743 0.576619429340038 0.257492393806711
0.472461185265836 0.23659769785206 0.933582388216392 0.222119823504044 0.190262270689573 0.967459263014134 0.974349407828811 0.046727095036513 0.959793700093542 0.936431228284065 0.30252453959478 0.29525287403574
0.342321448417811 0.311506542709692 0.0633150706164847 0.835704643876588 0.171686565115275 0.660588183249358 0.0282039152331597 0.959288286005775 0.444487936559604 0.610454208086135 0.70964332290731 0.710438653598568
0.373257702840258 0.432033008090914 0.220031273864938 0.262374938169648 0.999999999999999 0.780153349354005 0.702915480105575 0.137672354523365 0.678606809445065 0.305036430621746 0.347796452525199 0.146095695069977
0.241606972590112 0.921946742258888 0.708767301467423 0.403738021574561 0.893353735706984 0.100875092105246 0.0184679842958441 0.639891183704207 0.313587066727949 0.741818023716167 0.72378812581126 0.407688102198597
0.447966086675289 0.241103204002772 0.578498594216468 0.345704764308955 0.838978012486215 0.787283546174039 0.244780764148263 0.00620156658039107 0.816972344715588 0.0808689177435466 0.559650692526419 0.167093054268306
0.668618307091341 0.595969433501907 0.238734427336934 0.51343761130714 0.0852439837987991 0.712897295909827 0.2506591905171 0.379606620573579 0.684686256611874 0.0242132044175637 0.422635355603446 0.598393642452838
0.870481981732871 0.0466292777163426 0.492277744959066 0.0265721618586997 0.608858383808371 0.704021693387198 0.772050180376763 0.993708373309736 0.0955331309500594 0.930176490365779 0.0707253448023684 0.785903029885517
0.875045425302757 0.0676006069016506 0.95383144609451 0.156223173839719 0.838729476688746 0.872820665226133 0.978797476553228 0.947728282626384 0.523033883125263 0.636714976616607 0.219356322905421 0.0437570641412658
0.649969165517436 0.394107496688204 0.354979553340452 0.502523128202245 0.0656629176409089 0.359410002545424 0.955239787189329 0.0204454396937392 0.725812200831943 0.143475894504865 0.843930690360116 0.36750422607949
0.018851948525076 0.520265322477368 0.025875246990238 0.548481463546203 0.170669648891795 0.922072956843526 0.787682277013241 0.702394280373161 0.892901243030933 0.61579015174166 0.982889560409133 0.519024735951381
0.113649986123365 0.298144190142351 0.654151062198225 0.729856472755879 0.937520655352497 0.987101030296022 0.0707395688389356 0.992773553510308 0.606537486954261 0.63643529344991 0.914320949405395 0.150737401102205
0.544716873523796 0.201840464300958 0.287663231439412 0.806629986985555 0.584525498735911 0.865658742931026 0.174912588536931 0.790839052212049 0.229636179375596 0.49587551428845 0.789492582783555 0.235326487547083
0.937661018190982 0.519113091248689 0.132310250548637 0.354222333502379 0.297855316873777 0.0135061742186373 0.560379526277165 0.513191039654194 0.671043349631979 0.627331384834501 0.0343429421648397 0.849099212764536
0.899178165189722 0.279790165794566 0.337295675295986 0.2148449138438 0.869910685559537 0.697408867541495 0.167053776713379 0.88952486555169 0.212054450060486 0.718709885465399 0.324497496630211 0.129863806943079
0.862060667033168 0.637892263743562 0.764620215323209 0.782113535675782 0.815763738877821 0.625774476017419 0.00181470710988595 0.836667717237138 0.437331056116502 0.423128187343019 0.744315661257151 0.9913887654237
0.501529013925204 0.848536752734468 0.705883909027251 0.138993683835119 0.280579896356121 0.310702092173217 0.199085134699027 0.262611433510114 0.473571983400688 0.89708407353027 0.932596873119192 0.669280753466627
0.821257568262156 0.310923253544482 0.770547673217194 0.244956708907799 0.196158004484936 0.316112123192143 0.569770485562061 0.798089446699624 0.8549620743271 0.772941194412089 0.868141779836241 0.318970986646388
0.178644869781246 0.853581812978978 0.697079198610734 0.607858203879747 0.660786992572003 0.883843153174711 0.804390397211447 0.488015482260512 0.491108389304715 0.6685590163621 0.873845234375885 0.117990605396092
0.913233715183045 0.379758168490338 0.452965040941175 0.0396350350497238 0.215214154345657 0.815587428459336 0.445049107271349 0.253830277462356 0.452729219550923 0.508934855526469 0.882697621222752 0.892268804489005
0.570268402871833 0.289465960585791 0.9273853013051 0.420868987766431 0.128162504818239 0.857324145216105 0.204514878004168 0.38620713752517 0.0372727699850519 0.43665130921765 0.357925128183201 0.244442770917176
0.391932572039991 0.0580161349539093 0.46600495555509 0.59952903284373 0.652994920667197 0.146766639622422 0.689431378810209 0.77821103899087 0.793334722404086 0.924305688362757 0.66405587208846 0.486735517417453
0.474173316679532 0.306691483268858 0.608987182841481 0.447139289550451 0.272463512579245 0.850368584707694 0.555066959175708 0.229191845245734 0.628392106863499 0.203837412368784 0.383233067832704 0.597978590942488
0.481061689571244 0.502051002856649 0.896298973580442 0.316986844643268 0.848183831232543 0.751477501938997 0.71165560593002 0.934225285618923 0.885445793777119 0.876693109491397 0.319200951900393 0.0511239587983334
0.844031503709164 0.943009707089807 0.549518384416023 0.391402001664815 0.405339026425861 0.888429931996769 0.292181624066317 0.069014508419501 0.272472991165126 0.0529792083446801 0.991381248047927 0.83515529300267
0.8568218413451 0.640435798810239 0.476213609959224 0.0624377376267483 0.111745272203746 0.91230766939018 0.983806188752288 0.0627709809568351 0.0786413222508231 0.531867529551747 0.918409869634501 0.688138613854821
0.268574589243609 0.227353644765362 0.344301400632564 0.156798804145224 0.302775986822462 0.604983347748701 0.458953559896202 0.527721643810218 0.947172330686536 0.0678844048669301 0.0685729367826295 0.523333919383405
0.988383065066433 0.115336245554652 0.438673274277658 0.324188484933086 0.130943062701327 0.524403469706608 0.953850893257432 0.650529393543871 0.810842774189622 0.617698270195731 0.371480311333223 0.317576214117213
0.0310940873869978 0.454775627086803 0.500865879108524 0.111218569664065 0.849229462791414 0.262954649490863 0.61057514377396 0.441477077729288 0.320024519539421 0.652865835026567 0.361242268933035 0.711040817642861
0.925672082344744 0.8877279774372 0.127686704443326 0.626778239029119 0.145418977256225 0.201831975124228 0.0801469453645113 0.760606133468677 0.723488902333748 0.431020601061448 0.0596698699329886 0.131233923539427
0.275243295762292 0.24649883352755 0.0118097763125782 0.341229669038896 0.454466230037885 0.304220035240481 0.877739723213721 0.0755750545179696 0.577515230867178 0.259268861852127 0.261352347850967 0.773225892157544
0.943079132158696 0.137006332217418 0.104455803689602 0.227156537624692 5.85743305058343e-05 0.548129647834418 0.41179270834064 0.252781515840701 0.105455662477004 0.254976233053992 0.102714153188547 0.877441829405174
0.783455700127026 0.477930684170812 0.47262125869517 0.981638872212699 0.415181384704953 0.824236829792603 0.0631734419563978 0.30253497248923 0.661580397759887 0.278419179446942 0.221564575395586 0.294224602199047
0.0218884743515212 0.0618595164021232 0.0651971111775392 0.101596015200016 0.918169457230054 0.378605242012444 0.933481774217664 NA 0.972679634355455 0.760874061080585 0.903448991142381 0.782455292822305
0.971630200031166 0.273900915689405 0.498429300711247 0.39259140702162 0.294822827084219 0.927156037663061 0.113439117277784 0.0889985825443533 0.642354149534566 0.577336497374747 0.287451785818297 0.831686966825653
0.983018076635091 0.802189196572168 0.722189822750277 0.404689047124501 0.683058400472531 0.658850998983882 0.0471280862346209 0.812748037204414 0.0474938814108455 0.523845114492421 0.194379726906622 0.279989446484267
0.267616972811959 0.476949035581002 0.579350442816366 0.791801511595315 0.306753428448029 0.607688276565691 0.817590084088666 0.437815400134379 0.949191199863197 0.737792968612147 0.940157804506641 0.104317516320626
0.662003510094407 0.761884985483116 0.592833627862004 0.346923410231696 0.276246112418759 0.120287322672928 0.675524282832381 0.271853366349029 0.0886304843681805 0.00122039819491367 0.193250719492897 0.541981655148058
0.66025464735797 0.0918688978470314 0.76122117389452 0.929333824854786 0.395914848094296 0.296436523542215 0.304082308185933 0.697676970527618 0.454547648809198 0.717508667833712 0.991377419047416 0.894480375195343
0.839801640975339 0.633566995600944 0.543376153909162 0.0184575225071818 0.941507809699235 0.314064602548031 0.920262396264039 0.196814860664941 0.304048659459037 0.564110063008223 0.195456455826459 0.57638696816293
0.027898236986529 0.0170517994323895 0.520142366238731 0.538148650866973 0.745652312122444 0.142075906091432 0.210254869099455 0.17839317352991 0.720772247487109 0.0237105408359618 0.934638485406484 0.674347081435522
0.291866800316498 0.584601971556061 0.175052627870773 0.362705460380836 0.289342791130394 0.408962621943006 0.603921297498973 0.754237210616948 0.575957333224894 0.311099191440691 0.812662740314651 0.270467920062827
0.088559213608809 0.416606146913495 0.52998271027744 0.66482167983886 0.298195159419898 0.629858843589547 0.222687845073922 0.2664798891287 0.558477245214068 0.113379708551954 0.512074153089006 0.410182813376835
0.149916713489229 0.0618319823694638 0.772100731582204 0.871011550261239 0.127381434939089 0.103263537280298 0.178577030150722 0.245304192442336 0.221739420436501 0.0648779765708128 0.719034615042881 0.103000486258294
0.901145935754834 0.200801380528062 0.238823448086419 0.792273293491727 0.920953998431831 0.303339492936165 0.834646985079731 0.436486882783226 0.0646536731092585 0.0233341491859327 0.94803699183835 0.652182969403585
0.368103431506906 0.999999999999986 0.490215313031247 0.847487977433275 0.510128510843227 0.0244633338043479 0.546158435901437 0.402788859552762 0.416275969879476 0.427960099642543 0.515456973844528 0.374661244715009
0.0888090601073504 0.164922441622291 0.00668957340386613 0.482866536082668 0.228407170446679 0.762175305164675 0.457255958738956 0.834255651995207 0.983535979941811 0.928745885942982 0.0801949023540697 0.474062022605232
0.738078549467099 0.956095923216688 0.281173051725466 0.429580791952381 0.190610689451224 0.144834691000194 0.853056082626329 0.438607282328891 0.555495689738831 0.708641213910612 0.538549266142181 0.749477089121278
0.0275404213251638 0.931525537048225 0.316752472476039 0.351429537429076 0.214762223758555 0.781075901737545 0.323843255462135 0.305436702986575 0.292876662518502 0.135595286520735 0.867042753795857 0.365655392612044
0.189149839783629 0.487773119533824 0.910301923552086 0.03464298109634 0.298119149786215 0.655188643415679 0.519062534884234 0.291263288493407 0.213668422254356 0.0128672071112093 0.723999136213518 0.7233383788812
0.899356502744701 0.0433056546333331 0.942778807915449 0.0583879543763972 0.950248395137367 0.316278506842091 0.549745093344523 0.135535099801472 0.742615627819268 0.194424278983455 0.227038807418704 0.969542299112888
0.104767770289008 0.810934232732262 0.197414970352012 0.714597620462746 0.114032572945836 0.251726666825986 0.117416468169675 NA 0.125260610031216 0.630686630943005 0.397874511432681 0.451212638259742
0.877317983529355 0.0420376310241473 0.425252257141441 0.8402822818379 0.812290582864261 0.716941320334284 0.0232622036267584 0.254088307754875 0.557687075045674 0.336989859328379 0.0107628843390555 0.972111224841085
0.295194301349726 0.296679013295909 0.376108449050308 0.97055231973071 0.741890672513115 0.368458064446521 0.18283711276884 0.438491662207996 0.0553028060158695 0.974260180106013 0.242010839767474 0.413596870664702
0.897597344886828 0.0548440323783904 0.970853691723887 0.28536496553946 0.526751075392281 0.969748214642687 0.509639524784251 0.317202382927022 0.0115009775154336 0.16784511855622 0.298886849501288 0.43718593920193
0.279541665173349 0.971589372793074 0.575991235177373 0.828480819656901 0.0173193009180894 0.868893522170939 0.866338531145374 0.519353745641786 0.416775655021373 0.604349824542407 0.847600748567914 0.760636879720442
0.742627621043114 0.746957625283183 0.429736671395296 0.011346456561521 0.342869204429028 0.237364557279165 0.0595746493865397 0.687009844074294 0.474904547793004 0.418613566058 0.25773503794689 0.380695249539628
0.583131674645712 0.949925703661447 0.355421558957725 0.665532989812239 0.444794333650143 0.026753726904628 0.93729963046127 0.217055293480742 0.563096537406922 0.676107187160435 0.033809234184065 0.120726056153067
0.828371105859723 0.341319804215779 0.568582191228456 0.135477359616868 0.0678178439968662 0.19151976018747 0.158702010935944 NA 0.361426107771467 0.627006082247937 0.0228762586343704 0.373137304192034
0.671555205599889 0.580802198533445 0.632589280224623 0.393733577371116 0.396365980901991 0.0622033761925348 0.965499757561794 0.710622259435862 0.774617473224139 0.554886865927821 0.571800431218712 0.361851695004734
0.405087356595321 0.495989344514466 0.993885786439009 0.702924756351109 0.734707185730632 0.724312586699414 0.00312052459396448 0.995339106574676 0.474943882211277 0.354776832260459 0.862329267690035 0.648025541704767
