skat_int_p skat_ext_p skat_all_p burden_int_p burden_ext_p burden_all_p skat_int_p_syn skat_ext_p_syn skat_all_p_syn burden_int_p_syn burden_ext_p_syn burden_all_p_syn
0.891719368124554 0.761805989772175 0.838229358758545 0.361497034272101 0.362841037782694 0.308692238293632 0.695083364004866 0.13840338017967 0.322559038463434 0.366708071504168 0.716279329318812 0.661989780235732
0.919338772154409 0.23232052558101 0.610037082445555 0.344926558708268 0.100692415113917 0.155116797316936 0.662899720126191 0.800189012706998 0.829804983228613 0.264875941006235 0.146799555835014 0.118009362317864
0.614417707798955 0.876779142557667 0.687712723352893 0.289994724570637 0.942907917364943 0.729308756493159 0.53841093085335 0.867009791630769 0.803033551087864 0.824980433146726 0.878180852846772 0.841530929301131
0.643179961928222 0.429064677897426 0.4367733766862 0.752431010331127 0.0782522713081965 0.167079627038071 0.25150620493279 0.448454142999107 0.186828947637954 0.904518515626285 0.641842503928995 0.715701154023325
0.03061615560582 0.425825941101341 0.0988596163978244 0.37499740814156 0.163313846426802 0.25068840343455 0.68228617971231 0.211687896112208 0.41142210844808 0.0314689113086192 0.00551570227335582 0.00449792771547069
0.591156679996249 0.3263206651745 0.308460746009009 0.141589348574496 0.842308417034874 0.485445530327408 0.646825961418013 0.604394154689956 0.53381033835683 0.425332177201242 0.532094666649431 0.987013934780027
0.916920542462464 0.613150914681562 0.741643522616175 0.651197473322662 0.208431317005383 0.289403013720799 0.665633562548357 0.484007990697776 0.606154910552623 0.459247849795181 0.427488660320822 0.368343025008634
0.659538179401773 0.373658380751619 0.391268585446269 0.338841654882554 0.29044658319916 0.222236444853561 0.703422487574742 0.535336243689406 0.476807779881771 0.274441697366925 0.368708451139631 0.268139380586858
0.504428403496777 0.476678136262654 0.331585655523884 0.463490165280478 0.62888866425625 0.930757079469367 0.965603078980461 0.285894746569956 0.421555834949003 0.265192574168586 0.000905151235675718 0.00701947350059554
0.569506844737873 0.419852829856395 0.464653337860105 0.719031814098953 0.139657992732328 0.384478608117226 0.552618244291679 0.525252820480104 0.351238423178705 0.161844045038317 0.136956831400659 0.1043372809811
0.519268740622958 0.46325661348276 0.295329081122003 0.769285880615273 0.00822716060554623 0.0406710467746443 0.781871619286905 0.741107725008054 0.807500743915386 0.306692184468949 0.905747321218835 0.63450710867755
0.758001981072015 0.556793365478823 0.697244080630949 0.898554432133862 0.0943489821400492 0.26647380808369 0.882751224179837 0.779294466398486 0.843719464100329 0.337962434219015 0.487990778284849 0.438006399204664
0.901532967189935 0.755737865211257 0.903744335195084 0.197473478432916 0.579333887852032 0.803180299820661 0.31459473936329 0.732717340116286 0.553344540942407 0.600161582191772 0.775753582224682 0.684838182538242
0.0756731779116505 0.427731490033414 0.118284273773863 0.45688882035216 0.975671083392345 0.846022258885225 0.198384741295302 0.140987405503522 0.140511854022315 0.837879583643595 0.339281386647837 0.457874561672638
0.0374388837449411 0.486272766649554 0.103616443276487 0.890701204999585 0.381770816304423 0.519101270152549 0.286307260929099 0.937810500941004 0.841352029360819 0.0644030474778754 0.828568191606324 0.428403036323508
0.554635293567307 0.216128139954046 0.252990517711595 0.975841522986673 0.686006861612144 0.709336532646348 0.42432471063009 0.208965395065325 0.228346388902865 0.649454080826611 0.203198837926107 0.268218762680102
0.790334592220775 0.818519666055713 0.891527178810039 0.528665230274727 0.413244688674852 0.446413699871797 0.454965171622691 0.733680494013812 0.700917398402028 0.813544890530567 0.970546661365441 0.888861871572952
0.848561342563921 0.770863367726413 0.951519838154021 0.061987055027633 0.591342855606246 0.291963743713653 0.948141130954498 0.987813415355801 0.99269117773222 0.0276156943318966 0.213573122243531 0.0878018106766359
0.752752816775388 0.932141636224652 0.945216469150078 0.391470177229903 0.912547558024837 0.767178388874335 0.845239041547671 0.527614346574801 0.658864218981445 0.616909542904681 0.241168918445442 0.21722905729018
0.938884759417481 0.943395599847415 0.964820478416494 0.0763299960135694 0.600030769594499 0.279613575547762 0.532117449875912 0.331382804410008 0.357181676494806 0.844984631035212 0.831212491114912 0.856353580138605
0.661360080136874 0.326040451582122 0.267503360392927 0.774107027222396 0.699387526348597 0.820942002387002 0.295162168841691 0.743484122245005 0.412089211732457 0.182963275134255 0.285783323779293 0.250809679765121
0.757173729762407 0.864134507329632 0.876925926217648 0.474820235329759 0.00720051169753441 0.0212901586014599 0.617093931713528 0.923820903050971 0.88002073300486 0.998312498918726 0.256357592749325 0.447903627089112
0.769973114556315 0.715434914388873 0.585547597710661 0.136776746265462 0.0310486990623564 0.0304649195127751 0.592250760794621 0.588635420985228 0.570825198397648 0.629617387178163 0.927908327520566 0.894724138601599
0.830930302197096 0.389468042739334 0.600514491432825 0.473463886362599 0.870772659600507 0.905908778562435 0.277554201040865 0.783227658749172 0.635862705982025 0.193663519096343 0.0578906740842427 0.0652302755551466
0.808258217625661 0.197360039678844 0.319412804347173 0.220825623648397 0.0688048143302741 0.0515880147604921 0.563158440070417 0.819581987363148 0.750139920251078 0.832087417039689 0.639100334304923 0.770069340719938
0.294499680776559 0.88035609049899 0.670220862144486 0.759317368986153 0.350635219667086 0.439393649836576 0.897116622657956 0.666553046308927 0.908464163505032 0.212878747152104 0.772525503033458 0.517809966001598
0.829284929342281 0.945623357067687 0.932971913971334 0.758636655629403 0.767345732853966 0.7898127502976 0.962192910523668 0.743016124394455 0.847225486299579 0.84487074030238 0.587256339757613 0.701157316945364
0.0436305530354797 0.292724045044171 0.117867500260014 0.799861565550784 0.811705570166739 0.865720163559863 0.871009591854205 0.841064034143394 0.838989952421991 0.749837524095989 0.909383867196101 0.961798014556783
0.565873857787324 0.819067035722506 0.680705088752387 0.197551246587714 0.543954571165934 0.360078207010378 0.349047076650109 0.655353688364704 0.382930956188173 0.191309706837761 0.843023993066206 0.550426999743092
0.383818968107885 0.17015818661569 0.122987064069338 0.701081724566742 0.920585472094946 0.844663756139213 0.588043343375362 0.593476391413088 0.455232103333146 0.220110267909251 0.548473610819191 0.270574717709001
0.793337186957848 0.598817932837988 0.604344425633088 0.998045937159854 0.680658065356624 0.750690839093082 0.88265019407525 0.894315541941178 0.934295007947615 0.53765737003695 0.353043661858397 0.660108094455879
0.772717417099769 0.936425056105428 0.91023541101299 0.392742844256739 0.564171493416003 0.486458587519107 0.329852071832424 0.133854104866646 0.166266644099753 0.996225706056036 0.375407674562504 0.533400320032018
0.445136991825587 0.961837365292594 0.901645643800685 0.489194137952487 0.688232740636343 0.577158869995706 0.471523598416721 0.915806800163571 0.924064412084161 0.534302472438708 0.758275009859743 0.854287071130741
0.774638544355726 0.549215729884554 0.597504889256212 0.124028660499087 0.0874404635238779 0.0487010499775478 0.89921009917716 0.57056875155216 0.653195577983171 0.846895456470875 0.265168521917877 0.385319804876137
0.567599682822129 0.120890669353451 0.126637272740811 0.774933025918018 0.18176996835591 0.290343240346287 0.549748632603729 0.772651682707379 0.579790000823009 0.617565207925751 0.246271036427258 0.316842857737447
0.862808957808324 0.997842676315711 0.990539959194178 0.951608790832787 0.565253201018083 0.699768859092805 0.0932064034839588 0.199268539920251 0.0780171448951443 0.884248727543689 0.704992168158153 0.898366330322201
0.844747499617838 0.306725523490204 0.484997238757984 0.759531961138676 0.756306966090323 0.69610858075911 0.0161639385729955 0.732978977758167 0.2492291439492 0.179808954877191 0.964906605908957 0.610881640929435
0.31592301259725 0.92729228838818 0.690391199076446 0.718052036122167 0.886914904785407 0.778515296389278 0.314401516834146 0.320863487965602 0.0986620904844833 0.134142248137298 0.0755288953058154 0.0449198648574092
0.661034941139985 0.867145011616318 0.710547716918161 0.327347603305567 0.777886927106471 0.592611552056687 0.793935324501652 0.835806550900582 0.690767049048002 0.554535325803815 0.576126612285687 0.517470796208545
0.83004284362255 0.31090043840255 0.619063509886962 0.40453868444216 0.627317613090657 0.493955209308716 0.94389928929147 0.980649872191916 0.985910160336543 0.84489098068412 0.757262559533511 0.923511079251458
0.489664352199125 0.862633922787304 0.818210884537613 0.799131726506391 0.338189887824538 0.416104694113916 0.558831846497887 0.574165654858108 0.450744164469996 0.544172124611556 0.86070893476024 0.900866821506342
0.620858234220005 0.466713530655986 0.44168539516585 0.602974584262367 0.782629071439848 0.954404995853866 0.818859373042623 0.571240867899976 0.616471854869456 0.618399955606459 0.641327119919221 0.707345561713769
0.337051030372602 0.625055266860786 0.523889539974956 0.844570626954296 0.852921813104793 0.951135826856893 0.436947040297714 0.0985561468707987 0.149992388131992 0.0112892624293902 0.557703016047073 0.107578167409417
0.612628426124162 0.626686331443874 0.251544607046372 0.224150308481212 0.149880295679134 0.0980691032088911 0.37423123938748 0.721711492088809 0.541793002816183 0.932069005110024 0.317124942961541 0.440443283521619
0.831404079305818 0.832741751088469 0.762821974246559 0.571567932840191 0.728675262417978 0.999703109771232 0.891842889066265 0.799851570554949 0.745630839301847 0.466530331357714 0.37107998605 0.262852401786221
0.110107273132653 0.235837517580584 0.119734438107481 0.252962213097112 0.435829689865246 0.296572798188238 0.749321027648201 0.845397593324127 0.900049827291393 0.907896964833221 0.581055407810653 0.736507308256801
0.604954107185255 0.704192272086644 0.752957926557714 0.410302176793832 0.331779446386448 0.248771322766955 0.704830565112024 0.823371185402751 0.741314566220133 0.354124794343098 0.336967291888818 0.302396889469533
0.497464069943818 0.0972868255034389 0.0922497872981916 0.466300386756613 0.673690328139668 0.886560172146047 0.653752512241439 0.932146797153704 0.810147092378999 0.757583537081853 0.646652241483166 0.823559563537734
0.494980009650084 0.388103150473341 0.529067801421491 0.346763362075653 0.659248136136097 0.681833192156123 0.39247072821933 0.409131035322613 0.372657488962953 0.137654568047634 0.266665069157236 0.914179577504945
0.73697957147082 0.988610541812967 0.973418451501671 0.318103750444872 0.873406966391088 0.868149873263718 0.861419087593101 0.594307695245497 0.556371492340823 0.966578361080545 0.579687967496746 0.794418134223402
0.925856098175201 0.757830261081811 0.807131566362299 0.370793823526528 0.277378955549561 0.165517100489915 0.947252338099817 0.987025476342238 0.989276189298837 0.938523519709385 0.250752736909571 0.445434197769565
0.514976248637162 0.2840687750862 0.294038351326613 0.362748118469172 0.516656248341666 0.335816345308615 0.27352220925794 0.170816583604096 0.0983589414905514 0.849719379073298 0.897595308422411 0.977336741132196
0.849239442213176 0.448696062069077 0.591848264269412 0.557285871975661 0.592674948697206 0.894537988333268 0.610942131787285 0.569415766315499 0.463007781980017 0.935257169033747 0.43934693227194 0.628069823996905
0.987759674523646 0.705373301256864 0.915028639287167 0.772060443551777 0.491293566076172 0.676925238756993 0.429758362680478 0.368403503205612 0.361304374958473 0.0269386638639319 0.263407592532777 0.0863462174453924
0.598390241098606 0.637163348476212 0.801175884670296 0.74931669049954 0.726481375465395 0.903335004876704 0.495245393655309 0.722255646119873 0.623771961325145 0.193323047347666 0.277990425915742 0.192491505953087
0.808857733807817 0.619605042533503 0.557673749111221 0.847103581822788 0.777015701139031 0.794272189560274 0.731347933829893 0.827092614813864 0.888061590711246 0.972984899871552 0.0632301002971137 0.185611059064326
0.21738840482569 0.475222696953017 0.324075920842847 0.54062879443242 0.541005159792286 0.556424024402031 0.645080928466501 0.794690799087969 0.848329601916225 0.374376935926042 0.757346542080411 0.870224975969688
0.437286619621913 0.466487299506364 0.507737369348098 0.687790056580782 0.255025868240103 0.36992032150119 0.961432640238445 0.873459395007206 0.966769434607042 0.933555940356142 0.745182375001518 0.865374571289757
0.627643961321105 0.803170995165653 0.83102849033745 0.981986729304894 0.481651729668001 0.69873327804083 0.826492389918869 0.979421515138659 0.960874505443461 0.170831156986992 0.649047066252022 0.378068925659658
0.277139265371118 0.232793581814364 0.196061377619839 0.602133160662349 0.358837987996423 0.427675616346501 0.297844732634912 0.874079975118632 0.719357835381007 0.154001334773969 0.433458079093878 0.245815335749601
0.662310273822555 0.921181333470283 0.924894525078659 0.0623391490908993 0.0757986225136822 0.0473411693063295 0.686411506035452 0.366113278197634 0.412335843050295 0.834534041892524 0.515359196455756 0.685283167510126
0.970911001669375 0.931039801492159 0.989558470913151 0.419195724935426 0.155717623538742 0.216019380343503 0.455964908539566 0.757078331085981 0.576837581045536 0.462312645955442 0.559340532093096 0.946794502244996
0.527634506539391 0.780728350051494 0.817171931301675 0.908847234781456 0.646416265276722 0.80198900216349 0.986206039799352 0.664001047610708 0.82972342648476 0.81966901430671 0.317341149725966 0.422813338652135
0.923274465681643 0.77832803415042 0.827112997150769 0.585570437916641 0.572302956602237 0.56285330523409 0.871107250651342 0.936802445451048 0.92241712859518 0.404715181325569 0.747023466463307 0.935687643586217
0.873144901132382 0.202764096706031 0.387611288709173 0.18513117499598 0.501070620606262 0.865398901228175 0.566602015293469 0.506071200170702 0.674191197343775 0.803899442807589 0.37107629036836 0.568640723314175
0.341025880800999 0.178307217334964 0.293296119216873 0.154357855080319 0.276359232638616 0.177188273878861 0.900124619687303 0.902817739460318 0.84259747522055 0.381160592530824 0.159755917458277 0.192361975721741
0.914764420457246 0.606864198769856 0.831489829275667 0.180562099254384 0.557545259499305 0.377550008361045 0.679401116557303 0.280935935167641 0.489229081089995 0.874326614715435 0.928569802712396 0.97483464368873
0.0599849015421 0.662939550348121 0.360797344984862 0.599051060689509 0.0361904903724752 0.0876936643268458 0.83310912502047 0.646376343511368 0.597849999415099 0.941199078096061 0.638571205558496 0.689992130053444
0.911951774101609 0.569833120340787 0.646392308067106 0.801000566369941 0.681630997695721 0.659587533249717 0.714673199228484 0.806703702103129 0.7977236520813 0.904747596900641 0.362502380808811 0.489488678562409
0.572674009849521 0.78104021846482 0.694750089006206 0.617489350939783 0.198749044158692 0.479881311445234 0.523962690517204 0.0573180435923619 0.0990591519620215 0.572419557859491 0.425422291064426 0.408144080143882
0.89564630871062 0.85736795074629 0.905957419599395 0.288720445285447 0.970529368437172 0.680595324471195 0.531986100663143 0.425265632371748 0.649484109465431 0.151881610678597 0.939620147651729 0.457994764583581
0.767320884242119 0.999493967688752 0.994274611231901 0.587716955669018 0.985352459033012 0.717001162589937 0.331538668779546 0.138496595906021 0.153467739788712 0.107244210392359 0.0782227765757676 0.0587006442679449
0.853808693601573 0.949336270127509 0.810673298287647 0.473747281885853 0.320874006001604 0.274446324239336 0.670475154558284 0.37703929276382 0.695494336251129 0.764858592873004 0.0492707783979374 0.114272326531747
0.707981174665721 0.887474886384066 0.772834052641237 0.289931244180296 0.908843798556841 0.652595960137286 0.371434827410705 0.838709960585422 0.646250876519335 0.972123999624981 0.489513585827942 0.62686404451356
0.592426304206792 0.734985856826137 0.672710301217844 0.371646749851498 0.22571496317648 0.242424981252857 0.521806880936772 0.816677563008367 0.758292127640266 0.868540296195625 0.66437846292221 0.744667809666477
0.44669008511171 0.828252313678423 0.608683398452221 0.0828808876580907 0.0127223844959354 0.014715633206479 0.332232750620506 0.914426974570024 0.914572716871715 0.874305043880361 0.405685365259168 0.554579873430681
0.533274910597616 0.536708912338791 0.297701046280237 0.110334121825659 0.0377499450456488 0.026960423453646 0.962675474603444 0.99898102277686 0.99925913792417 0.74275660574442 0.745551631949806 0.989258244661507
0.973833195978864 0.122972045914317 0.346165120040644 0.252772544401085 0.452649334635179 0.303838056819625 0.90288352524894 0.853473960930182 0.911999519023776 0.968853961946728 0.876151465774101 0.875459246624536
0.935288022633393 0.355281251360672 0.726372588390041 0.994092182292742 0.759185402449909 0.832587132746997 0.670389636280354 0.59621519928048 0.53211743337112 0.731464382026906 0.894088313061176 0.813014016191893
0.832370601597949 0.566126406502653 0.776243644081517 0.498812677141548 0.594752350573896 0.957511690928309 0.196157023770876 0.970135774038806 0.838772218139084 0.170886771528247 0.452077453104395 0.269720447194888
0.813780781724943 0.866311694469258 0.832899587802478 0.869487232201381 0.306139761301727 0.467882087023012 0.404136313258794 0.650774582106694 0.585554152786599 0.0665596859066469 0.333980176489498 0.849253115513809
0.968616101630265 0.854983840445034 0.984149453994202 0.914092526752065 0.0725346421515112 0.293362536070638 0.389184820355588 0.433962187573928 0.523609197350099 0.0100047601235195 0.100585622552417 0.0261072206087448
0.623666986408506 0.667177533834259 0.586026137482425 0.612606731045454 0.94429974436434 0.872406392657539 0.206954248569254 0.466086913567384 0.26292531588375 0.799477821768377 0.796232375511938 0.939230754317895
0.28167692452067 0.617085615522472 0.467472238843315 0.417720283187981 0.323366909420498 0.302669938598383 0.438164463903829 0.337544488129717 0.505620060726074 0.873890727650681 0.0680889298637354 0.256732117279251
0.460704609828679 0.225899919675486 0.328428954108063 0.492642971827402 0.0381584153172851 0.0851921049855403 0.570223456363576 0.763119201620701 0.708704926060564 0.782280838575491 0.900905118135207 0.90833524945543
0.804090910967871 0.671518420508068 0.765281211586011 0.822954680520456 0.725414004196182 0.83528342754781 0.741750890112939 0.243878416808074 0.315578807047062 0.517829847732864 0.814684848057111 0.953603819609846
0.468553027921916 0.886982009323906 0.809495522142435 0.757696888859837 0.0202500458956287 0.0684859208616828 0.725852849929442 0.48070231964426 0.529989432420469 0.139749347915589 0.757781802918759 0.391188673462258
0.730649009829049 0.846481711417913 0.822668467250292 0.84208508495886 0.85573802725445 0.745022543777567 0.662309678249574 0.772098620198624 0.636812981392033 0.308272616541207 0.261351998786446 0.226975714898637
0.70977094557144 0.921188508296701 0.867834602095877 0.0613434807704681 0.121516758155812 0.0592772298110754 0.503761567053718 0.605420589492242 0.469450177985559 0.310918238932462 0.969318900866276 0.697738373354043
0.806988476722691 0.755996279364568 0.819813286358868 0.894331252285762 0.611071455407681 0.719014425609604 0.726304910906843 0.505130609622116 0.467885215322731 0.4063119250981 0.27635731949291 0.282396740297516
0.676435083732189 0.864407449997819 0.75892042821392 0.685803911264789 0.747749084797083 0.926238859226043 0.872697587966057 0.877721383531543 0.956942439514736 0.753097314725302 0.204979067427288 0.566184550136905
0.345411663210797 0.412706130095716 0.386417424236658 0.188291794729653 0.129344383335687 0.104667552907582 0.844699575663304 0.925135488942968 0.836356456649884 0.963297451949966 0.611041682354774 0.617273775974809
0.998256937635575 0.888145475228356 0.984291061942267 0.789362576615729 0.861480587031423 0.817065693770075 0.574776973945344 0.587800602494589 0.462074840454805 0.770135993510552 0.214714818642815 0.43982426516998
0.64444289066291 0.913752638467097 0.877595596302801 0.671996247510407 0.0446692829229169 0.23094129878118 0.803624535704424 0.697150893448759 0.840680870944293 0.455839080699343 0.858528797172495 0.643623425230415
0.913062698156802 0.522119753841349 0.52303589471538 0.591470262548339 0.270141178155229 0.322312389158944 0.239107485888638 0.958535691773013 0.787491134974812 0.64324786475992 0.124747868073256 0.275325001662104
0.979360392100862 0.295714290880476 0.825046157563562 0.529031106924933 0.512338511262151 0.959514972573774 0.751189116268869 0.451376473938147 0.400184903490062 0.173023853334065 0.375536150615832 0.231523828687327
0.383707885644074 0.511798927579493 0.482796449601821 0.939226230473711 0.12398171864013 0.225223836806093 0.361421318119047 0.542571355301267 0.44721219619169 0.607850218862079 0.927294674178681 0.783168137420046
0.0838366402931252 0.213655667313473 0.111256439404336 0.222373175044877 0.669928121820561 0.408505510823629 0.392856306054112 0.473538576190978 0.274264849540609 0.481085869992748 0.390405057991979 0.749440237011223
0.914430926861833 0.640215756462328 0.732898903447892 0.772206563148695 0.893122967454919 0.973023245573103 0.935382002309805 0.317505847801739 0.730287111572993 0.30411996864787 0.589298791768924 0.982747947827054
0.712538560179217 0.451972415983106 0.445447396796598 0.461090526330508 0.793916342947019 0.502340536364822 0.745123364581787 0.507320949720293 0.518037236645571 0.50564352372548 0.999384017203715 0.770929714253586
