ADGRE2 ADGRE3 ADGRE5 CLEC17A DDX39A DNAJB1 GIPC1 NDUFB7 PKN1 PTGER1 TECR ZNF333
0.0757276974270203 0.0267743886779584 0.534596854972955 0.812244536321487 0.176493534171148 0.314025535482026 0.381729771444139 0.158971908411401 0.37895012645409 0.70781575005881 0.0228604485425618 0.33067365247994
0.206195939902111 0.293330715556816 0.483854026353142 0.725279520604066 0.676081688776297 0.212362121189798 0.964483481070295 0.543056383582888 0.827875048531435 0.388955959825932 0.960925353479186 0.142224823895729
0.0769279296347087 0.331552768262386 0.3021263909643 0.975834377674661 0.399127493370635 0.285773779040664 0.379834355460763 0.631225155367049 0.13608060116073 0.888907373202428 0.36292040267312 0.738559851455715
0.0679799839200512 0.767778482885567 0.185603140193068 0.809378631873375 0.663311746648118 0.98219686931025 0.739122141025176 0.688748111647581 0.504716617237333 0.76281002922183 0.902929623786754 0.772826937128479
0.731024317740446 0.232335574137222 0.24970652056071 0.417651880198191 0.313678376320887 0.840555107130693 0.0227474746246678 0.3592137160498 0.84404548368419 0.402027017658732 0.542075986266688 0.866280461956916
0.981617732131328 0.517694247410973 0.17308768581071 0.490797857877093 0.868839388383987 0.765068070730281 0.748637490235518 0.835437318909295 0.170291365327818 0.109631642624693 0.672272267460836 0.345173683570569
0.3349336112398 0.167688682835154 0.910480454475014 0.707256490296142 0.808424370615203 0.143728235794202 0.947460304229006 0.679153022784634 0.805795208132237 0.0940754919005211 0.242603967597119 0.51331982616634
0.955159116564405 0.838801808452014 0.713549255558083 0.737918239730812 0.763133464013913 0.0919652845375134 0.67501994072144 0.235770392525517 0.473744341084105 0.912534962761752 0.497330952423981 0.0579499829795978
0.957346933507934 0.324250077578485 0.0419468653060691 0.617113690410831 0.548118435735526 0.42797917147474 0.67058573030022 0.538495026867889 0.00781353086635615 0.787014903743119 0.719332117463215 0.0846697572411014
0.225597227542447 0.950600283650192 0.534634374642147 0.207352774891194 0.992247642492605 0.692192663179393 0.120105021230018 0.525941779508753 0.835467420113882 0.679707673945961 0.35853771657044 0.231894919752544
0.927397245114239 0.0848822548461815 0.841143519663334 0.0809762661080826 0.161611767164151 0.0657320656619317 0.369927907299552 0.0299659292310165 0.403164692110752 0.208977247509802 0.8937404799076 0.056046541056554
0.248150908698584 0.858538163981625 0.984039189659268 0.70959032781327 0.282415565117007 0.994596331373855 0.66549913917328 0.396883400949541 0.510642180807998 0.558978602717338 0.465690159827003 0.428887865437263
0.908062571741801 0.905111963433893 0.817689227662865 0.0148830255694868 0.223144139326603 0.790624209692623 0.390019249698418 NA 0.775814022051462 0.740508014320779 0.658703940388675 0.669029957454735
0.653000150848479 0.735268282376062 0.110955991134204 0.250287752271437 0.788256405063312 0.137973015816652 0.449843568247829 0.554373851439779 0.194607538621345 0.238166991190153 0.858521548875202 0.0914605724210737
0.0820394588517223 0.0469746236927369 0.1746285204115 0.159653052492223 0.806359598336378 0.482537193511363 0.828808907154193 0.484261519157199 0.604239203019689 0.013283916559035 0.937185395134186 0.73882968887294
0.0788838027854138 0.143811939061285 0.53927197032605 0.191971619828344 0.110452296590193 0.986002493809475 0.422911042703922 0.621177132720232 0.293167403825042 0.787111953696806 0.407780979290612 0.688533302246453
0.104317111624219 0.648059462311334 0.531116466607453 0.410781700343038 0.427671346510819 0.622289996610292 0.568347754775878 0.927997249128205 0.325804884304126 0.801229131224528 0.072305893634389 0.371623469581699
0.095406896401161 0.264876473772875 0.354784298292565 0.281047866044123 0.231562654188461 0.0522130217145193 0.75323260599137 0.158004898983698 0.291912593739259 0.906341568391077 0.335388460693237 0.223752885905285
0.309650833233175 0.416388301089157 0.865519624830386 0.173888081671513 0.875483978703704 0.990579272463076 0.366910026286063 NA 0.139134746655785 0.490541956145793 0.263488297921107 0.215171313443699
0.470895912381561 0.461620132382401 0.509330851660131 0.016467751513609 0.574575598922182 0.341597467428387 0.758091621176501 0.782975422918165 0.302423296407321 0.416530574634077 0.923261187457991 0.873058584201283
0.151455988286078 0.801749542730443 0.566812916051868 0.843313842239035 0.672911842863647 0.470845755726869 0.83255217626089 0.905823566234536 0.0027643398079394 0.724040228697344 0.384793168990601 0.904825733104832
0.533442739596965 0.283668630063679 0.611228000135611 0.898387688579983 0.504874217653678 0.631214924588154 0.635755090439455 0.752869264925517 0.607209137865149 0.419967850003414 0.496950135620796 0.157510427086503
0.547378969558189 0.986057095441269 0.91823642559697 0.518517638937327 0.394627016585232 0.908007836583208 0.301828487237331 0.776588143203806 0.776576115308128 0.742284876136461 0.687297220243842 0.840181177555352
0.0366703037093108 0.141309893341755 0.330965665058805 0.999999999999999 0.836171031654223 0.608836463529931 0.691479521062707 0.845895383963932 0.641803809210067 0.270008546842219 0.968611914867878 0.976968700901144
0.667125670982375 0.545866668053656 0.684807992039652 0.740211937320377 0.784046784692937 0.237151365860054 0.845516435209681 0.906529472758654 0.827297074462506 0.541716943908901 0.92337142194505 0.656918279919811
0.134186089867656 0.0418816473023984 0.941537268778046 0.25678994247788 0.894345948946395 0.878654905677474 0.636513118472778 0.62823641814668 0.997412246444468 0.558993064446518 0.276307084692031 0.850216664620242
0.377335767600085 0.586121439277621 0.261713757201807 0.609622375324812 0.836913668015003 0.11854652155247 0.783894154353378 0.303670607766054 0.350905291607585 0.449281204990134 0.720483617646119 0.276367223822006
0.136853044433689 0.625194570482138 0.159193148251907 0.544276376172631 0.177979440267755 0.842198870080791 0.186138950559125 0.65659128634562 0.678502860000223 0.42741340157187 0.960531735364689 0.26074877848015
0.340012943762311 0.88976586363657 0.999999999999999 0.289575822703363 0.745172541916155 0.694552773037761 0.324618474921478 0.510618755886558 0.399765591945566 0.439782718953517 0.817368682090968 0.470881774590364
0.304654931670329 0.714801377672012 0.87925630084349 0.945365018598726 0.0993652511768873 0.371881575958983 0.67224173541832 0.362109033705005 0.937138131055243 0.132335994799722 0.135691635987137 0.612754737906399
0.450878252235087 0.21086815085145 0.207450901337283 0.737650789226012 0.251482314962302 0.271141365898994 0.357448263274 0.704756656527149 0.880378962781586 0.127185772640798 0.514574669236044 0.378045295201979
0.421832671180178 0.411235330696865 0.0744145593993669 0.12704513067686 0.0143663841634408 0.801478755781104 0.938687153235196 0.235801908589934 0.371792844245445 0.100112670699864 0.269176869418145 0.265612756337018
0.418863774468738 0.0512247087599869 0.175532700375252 0.865511796870472 0.270796760509172 0.879761684403851 0.694677221662317 0.71209946063963 0.289452437089903 0.749607915779854 0.846649715367015 0.547360527823752
0.18451595864998 0.0501012796921739 0.656268510075563 0.0915371320984803 0.885558318579554 0.772064621192639 0.404177794912388 0.891817946987876 0.833044934696034 0.799828674490899 0.266430743596983 0.45442747219889
0.582073958809796 0.693662210684658 0.208534038815596 0.526173843896284 0.706948650743107 0.606778663808553 0.940850061868404 0.434144976133595 0.616400148623789 0.365137316345578 0.368896498428274 0.992639161575253
0.810359122636849 0.576285679722017 0.419889779839864 0.175754233667835 0.698468109425156 0.510883275207279 0.463745783838001 0.421978098810988 0.45393432191289 0.0575825347061958 0.932215015531237 0.499896303980778
0.0434519538347101 0.756252014409157 0.338017222525185 0.511839585113934 0.529379835479971 0.297734713510021 0.618121104770408 NA 0.317033964841217 0.4524326321512 0.0101317933289054 0.312858826452825
0.678181112045237 0.982090296922197 0.698165030557149 0.871968766954209 0.963072204402956 0.831363084185407 0.231273961007916 0.147045397169261 0.449092572331189 0.61475576683935 0.177466642839444 0.638960547065546
0.280325290057942 0.137506253202166 0.872494735347533 0.68877183907533 0.230784652955695 0.294457669968035 0.675443750745351 0.854646687916652 0.483875361349007 0.242007575200063 0.627790818434103 0.665945329703555
0.679302021033035 0.974593560242625 0.926474845008759 0.99779005904809 0.86961869366573 0.0876009490015082 0.531306594244597 0.732963705931191 0.935233937147374 0.823642464313226 0.796773217381861 0.37223504310146
0.838741028992675 0.30451217098269 0.50590479523639 0.904385971544631 0.155584837022673 0.58567326075674 0.308441612997436 0.999999999999999 0.876297572636605 0.491583657375448 0.654136870407873 0.214381362459368
0.611631850214513 0.847001729911055 0.835985209970216 0.3408017209744 0.74253399970145 0.384874904044496 0.348461915233045 0.725655302563669 0.785524158352851 0.179397497611115 0.419743696797123 0.830412533202251
0.956705169944245 0.930441726582234 0.142796430197468 0.275921288188496 0.14332998044668 0.210691271913007 0.787414375436091 0.734830327376996 0.097806667361581 0.131063483890587 0.801067247661317 0.175446536490857
0.283694065466521 0.329054984457273 0.54469341118559 0.501528445409936 0.394789445477875 0.872121952091836 0.719547411666955 0.328826024745297 0.189868004598141 0.656481403780636 0.729461433170675 0.440471690117771
0.534139391724021 0.238015715448738 0.22473624701403 0.631398999633618 0.415541789561365 0.296482343642414 0.368944625840088 NA 0.244736988084976 0.854094622596768 0.0709282199696024 0.0972245736338902
0.928886155059143 0.837538113843797 0.99647668124347 0.750272916173177 0.366408327189729 0.31137284846189 0.462383183339458 0.565163213341858 0.44615518105487 0.502028868684575 0.279677239556419 0.143430827332157
0.948702881002589 0.187720355468785 0.656192575438348 0.526445777067203 0.575311448646411 0.0702177727736992 0.22007969479608 0.361511396356547 0.498845919765252 0.221290543009868 0.284983703060548 0.731013508728995
0.156341411369192 0.0833781815670738 0.295581047467278 0.599886608827989 0.379853094352156 0.856874814183745 0.339827387561826 0.159348345249974 0.293978287226678 0.6914682491201 0.250732198428111 0.0905995073444416
0.996522688428144 0.0294676690137664 0.23055456893487 0.575908841894644 0.0954399858398129 0.345892289086994 0.0272977398666636 0.777528053351806 0.673015952004413 0.546675559650965 0.726511994315336 0.0148930852077685
0.863250780842617 0.339770787632473 0.48915295706971 0.733317961179147 0.380472789432925 0.543670847415597 0.72198663966464 0.362340070050906 0.911890822422883 0.870135308548796 0.878710111974704 0.529834518849012
0.685810032732892 0.85963106484923 0.5250597272782 0.182518234686588 0.688981975198134 0.854909702712607 0.828428025382659 0.600097463667497 0.675057458766746 0.0297348505271569 0.781099303218619 0.61880378030097
0.442400942347684 0.930734863622407 0.444728135420327 0.248170192980527 0.109382944927038 0.342825501006414 0.89226351394016 0.630240928066682 0.692108204807136 0.960980796030878 0.363991272863715 0.0895075971212801
0.174783692591029 0.191407261113895 0.834134861595768 0.182270932289388 0.01126302832188 0.196579002747913 0.634624440322146 NA 0.148179328207534 0.543602023565592 0.0858321386707973 0.500093509541857
0.643029213382909 0.0138940695135868 0.599334650160943 0.506844021342908 0.677528947801519 0.155864604826803 0.944340378552507 0.565893279036833 0.816702756506227 0.466170113336666 0.645216915067945 0.567709010758645
0.299606916240134 0.974936450872315 0.0361848132665454 0.913538455206857 0.342853731446863 0.850902655785465 0.201598367409678 0.457970475566294 0.305568513490371 0.652222613191487 0.135241514392476 0.384639047068727
0.999999999999999 0.825487497939887 0.49281465280484 0.414244778994299 0.185137052683201 0.446595690897132 0.721648874660709 0.558876261679071 0.222356925886363 0.12886781730247 0.835237389035084 0.373474314342028
0.392414591335966 0.0275285135508528 0.452953625157806 0.0211463222560043 0.342614516347563 0.243811906926113 0.147429538020791 0.281951290664161 0.0445715269095137 0.208050867403949 0.821696687570465 0.665774616992898
0.233718551795225 0.597090961398317 0.429337460610276 0.220383284495812 0.601045656290188 0.979504971524719 0.450441299951417 0.0211271608941526 0.429387629742183 0.18538761060567 0.549399090050608 0.286244294453917
0.669831093908271 0.313577992581802 0.554325047668224 0.731383962287628 0.984152671754935 0.449132353826723 0.192364550455766 0.38062061458271 0.97634086487396 0.561657245433561 0.868452025573746 0.409324535829563
0.479450360956676 0.803484569051649 0.705834655037046 0.0657039377697978 0.618674991648678 0.405840033900411 0.181032625293433 0.627576573807111 0.743330483267287 0.633891644371464 0.888727627268361 0.421570153046853
0.73589379758815 0.832258862338961 0.35570278291955 0.206861448992633 0.430943372932823 0.496190140828569 0.129068784810233 0.391349270527191 0.568550428918381 0.224067959730213 0.59656634677751 0.864495406344295
0.346648474560769 0.221482265699606 0.567776484927496 0.483280850674781 0.811002045891955 0.695815789544411 0.199704036210579 0.186791538156422 0.996109430227174 0.653186450790473 0.205350407526006 0.22086983015053
0.194953062063188 0.00703862415164173 0.455298200856232 0.730598662904623 0.190025862343853 0.0862962339414151 0.125839402078261 0.26032499456013 0.435696445914597 0.936343360461398 0.0224972557700809 0.604537108322408
0.598346354794919 0.306024973789351 0.111444024002907 0.518706909661117 0.71379632949627 0.913096380360566 0.0550728569904584 0.73248829298808 0.562339030157369 0.272615607319019 0.137722125222362 0.586243878473162
0.716186502574522 0.427608450908119 0.240214000157656 0.621649007992001 0.314754114219188 0.837041850394164 0.340368001802615 0.430977938082965 0.437923971273112 0.886568512548176 0.655541974619539 0.295238578704106
0.557672471488889 0.189959165154797 0.0465470807062088 0.405562036753914 0.722126522838813 0.261825775887267 0.835927349711047 0.83068965805371 0.805368326155112 0.140186827163952 0.436573642575727 0.280494468514825
0.435500170495523 0.903594468046126 0.0991803916549997 0.000346352592194813 0.879629589122068 0.912282567686422 0.502687171529856 0.802833537242026 0.635396531362724 0.0471241015301211 0.663404183306215 0.907104568342624
0.116247347172242 0.110378228610384 0.149155088298584 0.830247583856217 0.618201724955087 0.634538533832675 0.709236801541787 0.32846458411442 0.399462666999254 0.648862895457336 0.547623848370646 0.58154055153612
0.325567354098264 0.723021843841217 0.992435199246237 0.615994929939901 0.427673764054882 0.468110504751482 0.125971975201421 0.994027594031832 0.671091562400648 0.7505446725089 0.804659453533458 0.526348556233134
0.0170495002847935 0.807467511716427 0.39091162476554 0.808136459311361 0.993684454272131 0.525051429177223 0.262128734087373 0.264915806765473 0.255494664165959 0.609548208051426 0.944259021350503 0.309454658607669
0.50342144773199 0.232358270109034 0.935470856283707 0.0531527972836283 0.326455190049918 0.788200607391317 0.569571081789633 0.461211547536814 0.252607367259257 0.911130431282906 0.765218872929919 0.74226123423985
0.792461852228197 0.535791937940642 0.958520235112629 0.47568003840296 0.483011636169277 0.00505491783367498 0.889720108516125 0.228413278146898 0.580870897497283 0.349975936406127 0.370941308231083 0.00274515036993845
0.882622392448891 0.426247023915151 0.745424894501106 0.101724760942073 0.766502296402423 0.227397383516753 0.675909033955037 0.157921481442018 0.940116182956702 0.237477305638432 0.611533245342267 0.246394950114128
0.183299698534785 0.363115383848853 0.113944090612674 0.0981360268785045 0.706278588973635 0.47505496638129 0.144470036520334 0.196983803446345 0.304891924584156 0.286039731894328 0.0637191477981627 0.396144167392383
0.064210611042173 0.0119662551071658 0.994928571360446 0.750268339351409 0.174161496275086 0.664208979986589 0.330191403824987 0.0818571557819988 0.291445801849637 0.920794628934276 0.31825651776975 0.0342538085241479
0.294231913907257 0.6081419707063 0.703725530039589 0.293559430815759 0.292849092030965 0.269054031425033 0.353384851010893 0.872838422758634 0.463825665295759 0.233151450385772 0.53705557886862 0.872651124308865
0.0762796638916012 0.303905548939967 0.329494199105893 0.805195980368738 0.267709286285633 0.520257085112097 0.134690973428565 0.953613402003658 0.944416388317849 0.458113464900064 0.708441250893408 0.525300367721269
0.556673909220773 0.545765262656897 0.146468650554855 0.829875339687038 0.349257867289241 0.945236796951287 0.204782029095273 0.965750619237729 0.649479561223752 0.0389049018483565 0.803305329907145 0.535773143973642
0.501747996059659 0.43249226378021 0.444715815720583 0.403796698247936 0.227888150111681 0.0968436586853688 0.106705349617241 0.525823128039897 0.471933846852168 0.632018305299657 0.863876867013051 0.740745084689297
0.990844175367891 0.908286886384619 0.571293533739848 0.27067894651576 0.583032953375599 0.361938775910462 0.862280590710658 0.999999999999999 0.459063366180749 0.316491337200047 0.755104697000861 0.125001348979532
0.47998393473679 0.298996178257509 0.457291242030816 0.280864128674293 0.705536645683333 0.935906396346065 0.0370950839120376 0.307530685695589 0.948142373161643 0.603662996167145 0.479892082719329 0.483745703562433
0.212516950906702 0.51649668830143 0.751998827750043 0.45128433325217 0.207391650161937 0.766582326133749 0.821035463361224 0.313061086467684 0.507875432897144 0.88456810874257 0.959757681965918 0.187938006963009
0.886646323372517 0.909395493935966 0.386291621795011 0.60633672256269 0.92474936033473 0.6235905438453 0.185676296900044 0.0165906104522878 0.399928680468452 0.446473139863847 0.477313426516158 0.282254842573994
0.0462279531236357 0.718011764098306 0.639940808367287 0.64336341288027 0.969162182612277 0.197562414122538 0.317203814032727 0.458734864968135 0.0222424619254445 0.0501190800369568 0.404495525555799 0.0552084172633605
0.984192652168469 0.51696763975067 0.473177491514251 0.586878313609258 0.782556228411634 0.335303343118284 0.393697589958482 0.770855917513673 0.0604354386574537 0.919095785724049 0.225599432666142 0.784707173711594
0.289210744700998 0.54235844222878 0.508767979189243 0.140781463158696 0.335224111331023 0.0780766924574123 0.258479128112574 0.366736032666398 0.632549442103084 0.0643584292347001 0.334710679772421 0.494019985066701
0.692812741049018 0.719100604798749 0.202827559885737 0.855897201992304 0.366844353591383 0.867351115681476 0.626739859490154 0.942843551051126 0.375614266322912 0.458416836915553 0.555723655801404 0.492965885665434
0.897889638738524 0.836559301834108 0.126511335622673 0.0967210353675986 0.393017980594221 0.937577018275651 0.162964095587002 0.200751416615527 0.701219625027689 0.573937717910994 0.245626742630014 0.0152924468430456
0.803845750650885 0.715530300397441 0.0270112052228832 0.0761192254374596 0.96603773357342 0.986424462219182 0.710620012768275 0.161039003289492 0.00862043668688153 0.30280241744284 0.473810322566411 0.979290663420369
0.324372437230115 0.863972594191584 0.55085885915445 0.873652273412199 0.769675963420765 0.747005027125215 0.612839362645297 0.508265649874706 0.571346650976128 0.11353673921039 0.829899631293187 0.830261474160492
0.714715748487659 0.511489909740572 0.268353881703206 0.39750568816221 0.589361770206702 0.0774984990233589 0.172134383615998 0.316294107274995 0.209467246919725 0.513443675171576 0.590102216625612 0.330661743901095
0.20157598442998 0.843231309036268 0.284839431086059 0.336697410317585 0.338622632356548 0.304403245886636 0.677127881035379 0.767300141433858 0.236042086571707 0.433222307175058 0.904225259662581 0.23225204110246
0.7274391637314 0.755529782124733 0.665022339298575 0.289819192918228 0.896793564639721 0.577979478533882 0.11445472898205 NA 0.14345913579297 0.273774859782675 0.682172887269878 0.159894841262055
0.0562265275306816 0.893813165464521 0.842449626557482 0.140530223125278 0.440289976841305 0.746029360861994 0.205914545927103 0.627095487171845 0.255936702614525 0.592933952903973 0.931175679868292 0.209351606356686
0.25873151193813 0.11585500362075 0.583476430124329 0.961347226526759 0.999999999999996 0.631284771793393 0.241243338672237 0.0465530191173604 0.137986521817919 0.332672047891624 0.150265048574667 0.829800523379615
0.645324229451086 0.470966086923427 0.145110387671992 0.608102926065659 0.0751689988589241 0.345773266057821 0.646410534067482 0.961687112795934 0.547163033282589 0.525035457158226 0.0786526725640377 0.237260759524924
0.949765210441246 0.395523125601653 0.160410410505677 0.987388290652553 0.329642851186064 0.734181819532303 0.241615134154801 0.366915966309945 0.944075765780124 0.918642932528317 0.751154887298671 0.411380237601944
0.080507357975531 0.106313332151189 0.979822410880241 0.163480408494369 0.501529483680778 0.492483328312316 0.19049848558383 0.859858470569905 0.505113769012468 0.689805132272187 0.554144414906817 0.55313665160064
0.764735929664931 0.938178299421724 0.662526564521789 0.804262378725428 0.509100939398994 0.232316782318461 0.702710607293029 0.815403932242739 0.158694678671441 0.248292375974358 0.734995113836615 0.958267516778217
0.430627507297685 0.000967264831068337 0.618094155259315 0.541714586678956 0.846247200565649 0.941463452221261 0.606745663765297 0.601143829414624 0.098762643472005 0.183766169456274 0.981007330882373 0.00760682100985574
