ADGRE2 ADGRE3 ADGRE5 CLEC17A DDX39A DNAJB1 GIPC1 NDUFB7 PKN1 PTGER1 TECR ZNF333
0.174725588516745 0.674918044056901 0.494090558994447 0.732896548426322 0.648723394818937 0.183573126202366 0.233705581118145 0.438342633333786 0.951085839469397 0.0062744379584726 0.0807154865269431 0.566725124834495
0.149772265535237 0.243595746435638 0.137048591804188 0.340390479641403 0.126365547571575 0.796680821030524 0.365682186501919 0.240878300958236 0.279318529515715 0.0835443860847184 0.635206573443296 0.690192783459399
0.447568131122234 0.450890038450709 0.609398518236076 0.696748546503876 0.452954011174219 1 0.413012174727755 0.349522913881697 0.658313375779421 0.0768600842600035 0.210059861283084 0.0499046025671803
0.430168762101453 0.141864432700086 0.32658027735453 0.0675482826430699 0.0997475566395632 0.841952024918334 0.00405360599322737 0.966509933423951 0.359134003044673 0.691819467787322 0.574318817473671 0.0240772280746818
0.829804590243467 0.158581551430317 0.639801985418921 0.1936542239053 0.287505581789409 0.979798266859611 0.796528798418349 0.923990979287034 0.382160954226047 0.954770157897283 0.446934448493079 0.815712603294366
0.634746494400092 1.53630834897928e-06 0.293419242134264 0.511728694182363 0.60566431661647 0.192150628126104 0.0172588555731723 NA 0.086966807632376 0.00534667698574723 0.615988419903578 0.516235295566362
0.487858497423321 0.733058746443127 0.06475267339802 0.282666418309611 0.412991549416624 0.0728120859563363 0.934680967859952 0.818927519347782 0.877206312505058 0.247286651722221 0.0017219522863713 0.804349485838093
0.925445449656445 0.513730122753701 0.884393518584919 0.212454638759921 0.310131296410457 0.420491043014702 0.116357114342141 0.211130884823136 0.939123000690458 0.200112736222766 0.937931762616902 0.219755233838983
0.778735708305902 0.699512155857939 0.125564308625248 0.910530631215662 0.7524516732827 0.93025980388921 0.460643573467532 0.956402947770516 0.322008363889343 0.698696384581975 0.751989174794123 0.250638610952966
0.826794235503095 0.223632433873071 0.203848128267777 0.484850996573345 0.655278093408399 0.0628953897583306 0.717140434923616 NA 0.190112515189655 0.108288257088364 0.175008681201391 0.040434063147382
0.180369324762116 0.554064790899034 0.223152710656805 0.142550219636363 0.622329166911803 0.676517636163169 0.415461888598267 0.0116618570411916 0.589600533428525 0.604179845448698 0.000318808443162162 0.531925468911748
0.193952140344725 0.664201047694324 0.304583908105646 0.744507543959566 0.216991103975049 0.482576412956919 0.156298135584002 0.886198903893433 0.190954534909013 0.979687372221758 0.187130027248264 0.243788219672477
0.960766940772958 0.685059738819502 0.3997888047174 0.558873203245699 0.816734798263939 0.625467250903017 0.580266852001334 0.231000835876124 0.741363623698591 0.859533427509064 0.615163934461006 0.384942636012578
0.131336111572422 0.4773410794554 0.276471661135159 0.582882582770225 0.238868275316828 0.886481255714718 0.107483235523305 0.677780041176854 0.0358810588945167 0.484516290490377 0.928809730923342 0.370171354970421
0.760833620939759 0.187252068806955 0.143939842519509 0.156705359446089 0.500563733282587 0.273956070552008 0.17761901775041 0.300758578003731 0.176298228173164 0.402436878949041 0.0971154327836228 0.817074162972779
0.7848738417697 0.87629329465639 0.104339193398207 0.440697681401467 0.295604758522025 0.750396029587721 0.402603996838312 0.595990135926664 0.303451742677202 0.203811202125668 0.32607706087124 0.331442651643766
0.927408974711024 0.484467104173651 0.340120250937641 0.294988108560326 0.109816742126187 0.938450149140025 0.760158529353313 0.755936379593229 0.377889886816248 0.0444529028058328 0.489743314386591 0.671370311984397
0.177998874346296 0.0916370521642729 0.536055838825367 0.548144363605671 0.314431318641688 0.897614152391541 0.22306411915613 NA 0.152670898338686 0.319220174584509 0.893135839767104 0.711183943497176
0.551197438490135 0.254822116597857 0.735609429511115 0.0865608832707979 0.18836575029326 0.138728825614995 0.476109036970294 0.0476661506503494 0.46756927945588 0.496861301240635 0.407992973795092 0.60229750927929
0.164429411535322 0.340568688587318 0.52815219368694 0.152185196183014 0.0472977322115101 0.549812986826328 0.604955564019961 NA 0.0612709004220988 0.690269246338984 0.468145439126728 0.22184988804114
0.813456112493043 0.660505724182899 0.243802808277785 0.979683715665193 0.0751453226669263 0.672960225893517 0.917526606322982 0.259416171130568 0.313965648642616 0.517382133544265 0.417972359265226 0.538471274645104
0.691573047396063 0.742793728960445 0.782379206840291 0.538282712394148 0.862893048813945 0.588252120734302 0.198539932116755 0.506234136124524 0.87416625577707 0.694846803341843 0.580054541204849 0.398211846544937
0.843626185127098 0.0679385083661985 0.0322241745094513 0.602326757721275 0.625836307251492 0.868383915738877 0.294482943260033 0.0712965540095352 0.405649361050568 0.298652022527345 0.104345831264429 0.457912038578837
0.818752405265833 0.807710843040613 0.176315761619225 0.00698879553086185 0.324756944428233 0.976665656918952 0.859955029983034 0.250244480610019 0.167471438985821 0.671341845666502 0.620557019001849 0.517545380793527
0.182424470455842 0.170000606879267 0.420486505236626 0.931570526496106 0.19561915994909 0.910735445157496 0.982204001631849 0.0657866386499888 0.655557110895376 0.335531810397914 0.495392648851348 0.0675282495971899
0.3522004519141 0.546160648740823 0.0495662438453088 0.241686032923839 0.718529884050059 0.407409063787055 0.569491906317707 NA 0.855416241172385 0.578036369667651 0.847466617610608 0.504002238946537
0.198118283045385 0.144449097948478 0.789878622382938 0.938256325883036 0.0392321023493519 0.661168148345164 0.277718940488923 0.506679434234429 0.653531637195584 0.333155941741172 0.580666347098518 0.260657194581105
0.861243303821289 0.376872589707309 0.648903221301662 0.444566405950483 0.804816808687022 0.902679024675008 0.95875700712343 0.264301105071353 0.0361863038312505 0.217138190061031 0.00110322052015088 0.833775661949279
0.100830460510473 0.854630182017866 0.970163869703249 0.399523433908261 0.391575943961893 0.557591130026826 0.435231541305949 0.288541009749085 0.894279826725631 0.0966292759111411 0.0761759964743628 0.0274638999229731
0.348987780776327 0.346318407304623 0.60925702071247 0.559304607625662 0.745793619354674 0.2227613880697 0.670164734962723 0.965899496716493 0.122616969871274 0.413949853636208 0.751277404297801 0.536216381741205
0.627933047317348 0.435039680114369 0.0892383121608948 0.945333028734128 0.440429083251974 0.698778654788191 0.559668882388965 0.745081195831212 0.728901363471569 0.0940427697226804 0.199674986777108 0.417283877358148
0.507178343510854 0.227200156254511 0.557860839201953 0.531389905534893 0.441818192568222 0.142367799529124 0.902530218721958 0.29231509873418 0.485182197027576 0.398088460843447 0.639126029671869 0.695838251583432
0.301246335482316 0.105082125388898 0.176136260851168 0.71031006967534 0.761594639037539 0.568588133419787 0.307787416695725 0.294034162599244 0.948529432046832 4.97699404827373e-05 0.816272787387268 0.0119167554349876
0.46186819482808 0.900485896389714 0.169213334145585 0.0104910765230465 0.655388231986134 0.163769322316381 0.270338277809695 0.933554700322377 0.568975483110189 0.268982972247729 0.0783928563408056 0.368628952795094
0.873828502912366 0.0238854100848772 0.862467259032413 0.776155072335995 0.0666886324685 0.8906986587292 0.863155295916921 0.125316557080882 0.138201365350807 0.654382268800106 0.0524419484034919 0.402109900090713
0.570217441044198 0.105486992955394 0.0312389750512349 0.391379522921315 0.399479805531799 0.731929971884881 0.640758605179938 0.33700851791531 0.0545014531132191 0.97737345468517 0.477125843977394 0.91516305203552
0.0592010083453989 0.191375046655765 0.427890424813804 0.42348383773269 0.482205108322864 0.516007215406947 0.458403029773103 0.115814333282055 0.604903607218415 0.180785745144775 0.136459314882448 0.583877427662754
0.931828119660896 0.947739349271855 0.514944981554661 0.137813786276149 0.133242026151906 0.494351883114723 0.539529650588734 0.461140614817075 0.940836346820534 0.334960899549246 0.00150001013193793 0.869353346914548
0.272294036514077 0.0960647307528109 0.247211090712266 0.0741930625996836 0.844693981642539 0.452322188537829 0.0708868161554523 0.030997123022457 0.0268704210535627 0.011459167889685 0.857733498634755 0.892387318147669
0.69207018692613 0.140570774599769 0.0609726852174314 0.885689617314558 0.971646450184797 0.652190267308864 0.734667591381889 0.283582969093072 0.279905526221631 0.0504411857300883 0.96373402417834 0.647772716154939
0.901878356897291 0.987576855600256 0.240651346987987 0.236303382598911 0.749741547814385 0.00263711221270798 0.437898954482242 0.395878702505649 0.0902452919454875 0.156532367974754 0.655480211522133 0.140218616620604
0.622359249189291 0.0485070689564847 0.763787456133509 0.988286841521351 0.0901966912136545 0.293376821505951 0.571184567403885 0.0650204012416218 0.679310252627909 0.52938417497 0.116727230064192 0.978576055676392
0.625837020444742 0.224483053539032 0.24467329698957 0.000574439905783888 0.0847956834759596 0.000715941914685655 0.820381473576203 0.380069626040615 0.90786394773685 0.833541299393856 0.0325582191625818 0.0859298287394828
0.191601594105512 0.215261163535368 0.280904704932639 0.0691559838363502 0.313575316521559 0.39186679272592 0.608356984488948 0.0273213178823854 0.810248150302793 0.722954618080642 0.986896548481155 0.0516686624688886
0.182586329417759 0.0144166218486182 0.297692520680674 0.904007682875652 0.121231626214391 0.856603486510489 0.0592890689236958 0.661774610983911 0.819134327908677 0.490427003077398 0.0586012783954106 0.552974621611052
0.0890111835458609 0.353065135267607 0.894555600577473 0.643691480558835 0.735620786385877 0.285315312244256 0.0150151165265106 0.766324944380079 0.345219740720151 0.871142923373443 0.213949609919898 0.513137423596767
0.194889764318301 0.113968489545635 0.0338688862595523 0.225540152649516 0.670709252154652 0.427122504852325 0.388732265688626 0.192677770788141 0.00808776152998343 0.0973407406121501 0.662985316344885 0.343589492485826
0.704687634622608 0.686059310233273 0.109674625560759 0.626796280879761 0.271629224329527 0.830915280137252 0.732964074075105 0.249640333107814 0.116752772350669 0.652086752273333 0.200450877316807 0.0230547883128953
0.361557189823419 0.374423481850217 0.564639526087899 0.0628422318408103 0.0327158695118487 0.340853105903381 0.663519602875858 0.299717035894223 0.491428467283086 0.807377670538272 0.582807873871571 0.939195779511955
0.644512967032598 0.135039921863164 0.13298516657451 0.294139369916144 0.435735291353289 0.313459186402679 0.623784389875665 0.195890087265287 0.721222664257385 0.434539475009321 0.283020026254381 0.735237634658839
0.21948946835911 0.188972519905951 0.260249195019672 0.943735893085773 0.234150336984325 0.447508079695884 0.0188079686195096 0.804875835257631 0.524703436193963 0.17883642025549 0.102270657622349 0.37724252491757
0.49366793804979 0.395832583174141 0.826551581779707 0.252984859243351 0.241683472851075 0.463369631403227 0.174969593933659 0.164200564970225 0.860073995861511 0.180389031294698 0.425506772289419 0.957045360691297
0.825749023490418 0.526420660518868 0.606421710528215 0.455810753862487 0.10783798714271 0.95557522669432 0.831838054984286 1 0.872002832383227 0.424423782616162 0.604854195342563 0.603986689058562
0.57519794719008 0.149392651087477 0.0133846233232336 0.293122369743268 0.344206095065801 0.826678621592721 0.911422839188402 0.0461588965168467 0.279930493034706 0.684379747752166 0.300172544825924 0.0916532249696143
0.964961606099845 0.23036381224006 0.352699382966646 0.0144767525976523 0.831721308608847 0.962210819886141 0.172254280874943 0.0239437960028804 0.45308055765452 0.668276483897023 0.641259543493267 0.00806731259250019
0.449407019136396 0.199208864627875 0.487045268947328 0.875554792997069 0.684270001558365 0.0462700655820067 0.959470406278608 0.952950110206842 0.750481428725575 0.738843554100856 0.18532927455463 0.900260876581068
0.62444275446371 0.572275304045761 0.0558662181671082 0.327473158748897 0.82327326788792 0.0600373197460313 0.501166153845917 0.970187834531805 0.955703466115672 0.752469971880139 0.4323020175662 0.861068229111517
0.972072545660674 0.400749315011556 0.351181218901103 0.671838314084321 0.549138140596677 0.661868628058218 0.136632759338925 0.00156841016651757 0.654817317909125 0.561798962209816 0.265268266359653 0.695647310006068
0.511857499650004 0.753511823506865 0.021647336159901 0.899363519261494 0.254556972519655 0.730010556247095 0.500734296474395 0.75593637959323 0.0142332687552272 0.0427188432005617 0.0660432833585912 0.235622570249542
0.537633464057548 0.364570889514181 0.890909484978343 0.858033224087262 0.000499130526445161 0.764921287994759 0.915813765100598 0.0444427737512885 0.546545262268029 0.46891887291871 0.385047448869508 0.516046294202867
0.883102089237515 0.849614240312506 0.611074237372779 0.874153736717011 0.0017254886327377 0.822309065533841 0.0299214209252412 0.331601320161849 0.449329743406729 0.58112811586075 0.18403210393085 0.0313233065243708
0.757386000365248 0.87825116491344 0.366042682330367 0.0277580130419822 0.728646757670612 0.621509815663401 0.160076091329599 0.128590070162155 0.611523228758297 0.016734575484901 0.370759979847913 0.388723256999438
0.331992899816721 0.139066498460131 0.00444437092520334 0.648304216019903 0.148371105510852 0.524837422985201 0.00508547065030094 0.938999074082233 0.714880978884675 0.361289235181144 0.00534693656244902 0.818954847971188
0.8518218513745 0.0952862504705873 0.487711918429023 0.744662866490273 0.0475173485679243 0.673185429115456 0.0170266595830354 0.848628567447101 0.972360446083621 0.00787652099800137 0.57337936520518 0.30522253221141
0.479618155729578 0.0861825257538333 0.935998820500535 0.0948254439945292 0.685626945068149 0.0121848176673936 0.517728575514982 0.546898013244764 0.895348333427083 0.429128185929351 0.0670552310884853 0.839575054644996
0.680858779350556 0.963421815599573 0.946360952736436 0.0775859938890218 0.265533498956014 0.31447137702968 0.20635735065342 0.32101301757838 0.24258687666905 0.573365689220752 0.125994985133657 0.779787656077582
0.0490332766013412 0.938679319286171 0.872991431175085 0.635077249976676 0.0185081562598563 0.399878472027672 0.121257214349599 0.643119262934048 0.321494342434051 0.0099602859473745 0.435245061967291 0.0150969953249007
0.717014812990999 0.171896017343038 0.067515666257717 0.527588492120916 0.660425327470672 0.490463015407535 0.231934185507315 0.137933551659289 0.972222974962272 0.799111148415738 0.321241259342947 0.121915970840173
0.188701845662509 0.062149966064872 0.659611400583952 0.218696843688042 0.412445063644166 0.620539042557023 0.283353874243769 0.493647549796541 0.504827421762213 0.532913442985357 0.937242897145491 0.324702971682929
0.625880642057498 0.0138991283430676 0.469811118724515 0.60916649539771 0.136514459704135 0.827910640662769 0.0113442276864729 0.867574734641657 0.096202967707301 0.528446118889292 0.863340589906378 0.136708344862857
0.385244270909615 0.515065379646953 0.063615142190631 0.0471432669458836 0.0752006023872125 0.731454854110213 0.912900881666002 0.945044970346442 0.288666319272724 0.29458246240569 0.366474048432794 0.325052892484701
0.512218139239952 0.114635555819098 0.330874912757664 0.00644711669722718 0.0960529566795157 0.709799612623185 0.803211276696475 0.00444482906162268 0.245952168916938 0.265411135520843 0.693408954971681 0.138477403161121
0.645863612905491 0.34034849434113 0.0012217923310699 0.0236573409859006 0.945376143340562 0.162439390651973 0.333446836959846 0.391679429086897 0.853221995870643 0.496012303449221 0.658734145564526 0.881730275003333
0.241419370517408 0.556998916730978 0.781538841884708 0.770664999425052 0.983778975046596 0.371756756192267 0.707580415729498 0.269518177435839 0.048769215522396 0.488322744929425 0.880337665359354 0.94214292032098
0.875561863577586 0.341944585756575 0.0469759581173983 0.383520751375264 0.794005486996718 0.102379471262923 0.54109657586122 0.108650796671427 0.208637727295492 0.96514106716542 0.131543474613916 0.694941955426748
0.649442491902487 0.718851344264712 0.0889087653850559 0.395248309127115 0.80738472938116 0.777110567159611 0.814789450092555 NA 0.425361643623445 0.332728176792325 0.267616680307656 0.740532626191527
0.799239045795118 0.636468067643505 0.0145987552115494 0.571259868913413 0.302741155096614 0.307666004950495 0.916528171798023 0.690195562591252 0.00712171789429179 0.838798800060317 0.0275311224768967 0.032717004396825
0.332894259504053 0.512117447116655 0.432142061224315 0.170382089359705 0.90053666247154 0.323818170916137 0.744357967241731 0.0401072722657305 0.0316292137073051 0.341984871630977 0.147782586863281 0.526576908792838
0.0675584633496912 0.091565018228673 0.480312738881982 0.568327239862135 0.896315123029823 0.672381684470778 0.425531431265323 0.468750031261128 0.992703377040799 0.296712472641747 0.69987813096167 0.194858318809736
0.324419015108223 0.246911696166651 0.722811176154059 0.897434455391632 0.132271114031076 0.000498437316591345 0.488304204233691 0.16409315301319 0.785613192716033 0.345809080237054 0.31635565162368 0.571661872123626
0.802050251173073 0.016258096239006 0.33301988448371 0.0750807352199342 0.707851396429781 0.258185862766444 0.13239565381176 0.00841015997901415 0.342249505566201 0.0724479478864506 0.785806635931903 0.0978697065779017
0.147658489938104 0.958654980281617 0.471887059903206 0.880712814557954 0.539602962648625 0.148582403447115 0.585055248224822 0.887339561076779 0.588021232317076 0.867464372740814 0.0506287571986088 0.0120763684979501
0.10764597139822 0.0761431313010261 0.320525347377876 0.108667233775625 0.320293557790653 0.92308531447148 0.202075449576558 0.929298091989823 0.395274459709063 0.46099929615326 0.827335389197794 0.515129424522224
0.389062189076227 1 0.510610092341396 0.641121067205123 0.712994699946266 0.526891180154306 0.00397944740066738 0.911315161080719 0.693053545428643 0.265803396273284 0.246667539704597 0.00438096793669666
0.555207710564166 0.384918739937429 0.205502632581264 0.222022084874563 0.139859110333322 0.294344953061895 0.635688396898819 0.00218560817282591 0.155084865774598 0.773126076256661 0.957314395074389 0.650574289569695
0.793238179786261 0.974415062240281 0.912651346495227 0.686366231417314 0.328833397122996 0.0123738266635951 0.115429129569897 0.32757046833643 0.518969498678312 0.74353150718479 0.572294093835359 0.433119382705397
0.062862051594318 0.0229161839805233 0.653491625638201 0.864027958947199 0.965939931833448 0.922571072138605 0.740154824145239 0.241081982239716 0.174922280433333 0.320665561639432 0.53952643275359 0.625456976448787
0.203653321328727 0.80399208564096 0.434377659676192 0.466410825116348 0.140796802406763 0.043622537826808 0.262851824091668 0.949105195073844 0.11888936070358 0.362023150237537 0.229107348604625 0.237614570268704
0.610714536101576 0.244289431091676 0.289795298925966 0.367263548965254 0.835806616488624 0.596955375885884 0.18651949824428 NA 0.00995957027994476 0.0346830516684342 0.837776793440936 0.511873972069446
0.328019276297462 0.293531365496423 0.00848976564464133 0.652813632551603 0.55762738238519 0.867116495554507 0.190801150717847 0.914546051328797 0.989560913806817 0.872783713264815 0.610770203847533 0.720993807005014
0.0847999040461111 0.125013592515473 0.364266271673462 0.0451575339383928 0.535333949882156 0.13400106919262 0.86454963532148 0.499477443922545 0.0711920380895624 0.0809376086941702 0.013296910762123 0.173865800199128
0.489320401946871 0.538801175776413 0.0360212364634507 0.394805687463445 0.799054171587535 0.89265791622344 0.289888316894149 0.680497628260761 0.54181636537782 0.122663095403612 0.392857898101939 0.784306392141078
0.518009651348958 0.544017750615853 0.00138837837256803 0.0751239678633635 0.305892563490432 0.725979641605988 0.883050846302631 1 0.781630683298494 0.977132597225941 0.195064705414922 0.54894949137482
0.506738332184517 0.0257195735395371 0.542833800351412 0.580631074112814 0.0813546236459564 0.219821094354018 0.640056741363574 0.00305747072200333 0.36414218440996 0.0496216821347617 0.781798764420746 0.0117044812739493
0.624818612863837 0.832431797776044 0.380606730622295 0.420297199832099 0.0556767884194316 0.895205079375475 0.427825259590769 0.233138812682422 0.298035368320158 0.0674007263208401 0.889077170644274 0.962374307370783
0.985012965883817 0.978540791486931 0.400916171428764 0.456025849136081 0.526779560460472 0.616337024275347 0.131079101527188 0.333625810425908 0.723829284719611 0.675453439795433 0.153480430807253 0.0786455750373456
0.810008077628613 0.142319013993863 0.548059349317739 0.316406644580183 0.580048122609084 0.00638205101175992 0.0692150628490733 0.225694903140685 0.180388627540809 0.61511443421909 0.921745035014448 0.278359243205957
0.910403739076399 0.426038416122031 0.00243974734652306 0.0199106086881708 0.83697525456354 0.878558525441144 0.0329713073828918 NA 0.175195668040762 0.638414081334147 0.478104172137972 0.885900831171679
0.686715680008534 0.0040890566134719 0.148473423895731 0.950079723759443 0.112198246366126 0.946450879433016 0.588818892488586 0.855009202401212 0.44440335920793 0.625917736182344 0.307401413403065 0.490339189159791
0.511344347052406 0.42455091957712 0.07714822820448 0.452893257562329 0.911487975004825 0.483400763466841 0.928782523647699 NA 0.268280405720599 0.606803939216888 0.981126465859318 0.888535617821356
