ADGRE2 ADGRE3 ADGRE5 CLEC17A DDX39A DNAJB1 GIPC1 NDUFB7 PKN1 PTGER1 TECR ZNF333
0.874456401410911 0.784671281750316 0.604339034388743 0.560776220133626 0.686135711658207 0.190962975369866 0.84157480582839 0.859786889191948 0.586123516776695 0.749975876775809 0.0525711765451447 0.322098057480585
0.763695154616247 0.663927638480091 0.329778164046085 0.468642311434149 0.894840885995874 0.576230130482107 0.0898794930543907 0.958873081815946 0.780522691208209 0.378126882124561 0.295625583558875 0.799141379272542
0.627587116054478 0.100965734648428 0.195355209063905 0.341497287134453 0.764995767883241 0.752366996919224 0.782753854906618 0.0161769221625425 0.837942099571656 0.648825983660414 0.96288361224981 0.329981691966732
0.67941531472969 0.218218463503601 0.435217494691044 0.802485725741784 0.936188920567725 0.290948931228172 0.336993452772352 0.101301534406257 0.989610083539571 0.962013615047451 0.106170366603753 0.721653234449548
0.57972758885164 0.90545105785399 0.126673495925495 0.401985247734232 0.451221859026357 0.203788018238541 0.61735666334725 0.309359171147323 0.85542741571867 0.171116727816859 0.526556413705983 0.116998210207415
0.900905416609748 0.48283103450344 0.51290285454469 0.191280747479025 0.836122809939084 0.122725742607431 0.117997243623144 0.395180567417637 0.36508976531756 0.357588273641788 0.531809316861557 0.967022138798099
0.17180065298109 0.692127574313 0.598935748970455 0.120267489495555 0.713814289306536 1 0.735571992970689 0.246667205229495 0.341650427350924 0.0227422065651055 0.806820895442384 0.0430530835253694
0.410728569973346 0.43354644015887 0.829959981008406 0.423442617811334 0.608363183645302 0.124819020544228 0.981590087584917 0.509702530935697 0.58402148519117 0.271755303262061 0.393810622619938 0.485538803081187
0.221161279875863 0.0157995148593805 0.302567783117347 0.18578590460671 0.959695463036655 0.939767673314224 0.916437386395468 0.9055489812909 0.573540180036172 0.738818004160095 0.911536975634628 0.638467402021544
0.997973928799438 0.0174775406758878 0.946652985384381 0.370638014574806 0.341588614113639 0.482987368519804 0.367091610685691 0.0607112184673358 0.138950811433001 0.340209922101168 0.935719476676409 0.661243070684328
0.29636247019073 0.611346239223361 0.549758984939318 0.0700235578014045 0.524404374453918 0.895855369687362 0.067467441529441 0.868701822906523 0.341568522948544 0.559314728552788 0.639190650737991 0.970475062045608
0.426055989483534 0.939770686611571 0.328923408381358 0.717473854540757 0.307979566436206 0.772438850419936 0.176406509924907 0.122493443781116 0.377712868348761 0.427622875664467 0.207421355556088 0.894263771904914
0.410566313431898 0.908131048026005 0.9233727371563 0.684681828005585 0.666305100569547 0.136327667359132 0.145964842129639 0.715935857712564 0.686564765953429 0.561520788991076 0.761081082561477 0.887859873599853
0.138647997315078 0.554969463976861 0.97579573800902 0.915027137681273 0.864649840112586 0.337942233522345 0.90364567890845 0.887998940761827 0.197782423873271 0.37721202359959 0.990836084342044 0.485356776988627
0.62921959348921 0.302726924103847 0.324315264781065 0.028576163046224 0.0879542760647621 0.407254486360201 0.415345724637492 0.194930204655447 0.739059410113943 0.497762595896939 0.569360577303932 0.100365611737141
0.427768270701542 0.334134049126936 0.770860635521444 0.875922554606508 0.309844077716999 0.191827600175685 0.0330535843929115 0.11587718678278 0.755361227730511 0.267229562206902 0.354931193130717 0.58982553886585
0.493786885380567 0.000622341273426791 0.277980880260665 0.0816961531912295 0.934110690422775 0.0379229226046504 0.340190752996166 NA 0.292276966761182 0.136469850524597 0.157134304296778 0.845231205785875
0.725191308097585 0.674135996001233 0.728535254336394 0.0451965000129385 0.0179797187902546 0.517597720968338 0.622171525753132 0.456664535597276 0.312244413100177 0.525858074160618 0.89954988775473 0.275095637735681
0.99462424651843 0.527323355825714 0.712425102218433 0.534927080517789 0.229574009708994 0.645950902465094 0.270381909686836 0.93125093064713 0.904665602451039 0.298348370774393 0.491975573308986 0.296392829771379
0.135749577953009 0.345742736890423 0.193720618348573 0.0727391595185636 0.604313503561317 0.97093492071897 0.341748244960658 0.36509666572519 0.820761249974129 0.99118669378038 0.226381853243144 0.56826110545859
0.469077519038739 0.764856611188977 0.700462800922521 0.236715982711534 0.771137868637798 0.762131742496738 0.176823585773485 0.564963647355854 0.12593100403738 0.322995701145229 0.0700914744456856 0.126814317747411
0.329956479303457 0.204933769173922 0.847195829342985 0.323138711959354 0.652367113133109 0.194519030088838 0.856346136533489 0.185506398037876 0.507226443460893 0.776601513869122 0.480785188444625 0.608484363178546
0.686203183075556 0.515440632128126 0.39141376240461 0.496761050975597 0.809897540586 0.455556638626022 0.255425965898 0.546930235045575 0.845746656396989 0.621659726132705 0.675753386511435 0.307273855753607
0.544669210728306 0.537290115629355 0.120986706006936 0.142898732973353 0.0241094589792664 0.584072918067626 0.567341627709126 0.37512137432167 0.204586543034036 0.788530068868396 0.102837967414956 0.791065934726082
0.312222278651203 0.564049530421083 0.758397275979121 0.999999999999999 0.942655414837307 0.968108535153196 0.464583136366572 1 0.452368421348295 0.0476924663409417 0.102549058799851 0.722155667872575
0.593262252599736 0.26070240241094 0.298780210760796 0.807374834641814 0.217007848645384 0.736222243448804 0.67672925666525 0.971281472473822 0.239207018409387 0.98455604730717 0.999999999999998 0.810518686177769
0.865898490049145 0.0952574855047533 0.242688316320475 0.414825191607667 0.382278123184038 0.710142314222998 0.23175444723154 NA 0.9411601192739 0.802168942639971 0.479599005198933 0.343562609232341
0.147356740118962 0.0592589427300014 0.519264865519915 0.754828878675276 0.75967529283402 0.137191662483759 0.93837909121145 0.227796389081296 0.775149727730723 0.246423517727165 0.0464686963502811 0.350872603276509
0.594279963841675 0.336696356447992 0.525800812723901 0.73751620679995 0.740225624391359 0.237844210516706 0.012589551987189 0.749296108309726 0.861754479296408 0.629709352994456 0.910346549496914 0.683734202589648
0.140285105052077 0.181158313171072 0.992427541541201 0.806448055879539 0.872613160075134 0.20453550461488 0.632794977784386 0.999999999999999 0.223351307401957 0.7345263217271 0.387085364268351 0.632707284143349
0.680194489785398 0.987092229061132 0.545414941126255 0.904078624325025 0.59103428274293 0.45307391590399 0.82346718286595 0.344838385583136 0.0236741968149637 0.199561271102526 0.188169679589579 0.747844423946659
0.503096008072704 0.200807220852562 0.909407976021962 0.261410273539481 0.743170021414305 0.968502692114385 0.405301157388297 0.989677273134846 0.478641043005441 0.357849366525199 0.229026602780898 0.044449710639976
0.19272677206655 0.409149453014585 0.0130108877523788 0.261247267346008 0.214848125887803 0.689995759829492 0.84264453848294 0.949972856634682 0.466297159619233 0.314482790742537 0.894883307966864 0.523830323643495
0.329496709030009 0.717631051930862 0.453279300949305 0.364398345538774 0.846004674056416 0.80096062757297 0.511705104352042 0.731074715255179 0.738420863686497 0.834542660915109 0.987803053838419 0.801771689344669
0.420895019273051 0.676965029892908 0.683468596020767 0.845748651660555 0.92701992473259 0.424245834672577 0.10566926841755 0.360806809392581 0.924515122094763 0.25507167371343 0.767701667849676 0.348977265034227
0.915127554310661 0.290923808263711 0.490124020302286 0.122809363563259 0.896508761613666 0.968808515887166 0.959589426580619 0.403385078968966 0.845479098323191 0.145198840407666 0.593024590303695 0.889202012815922
0.442198103327152 0.483579315628397 0.99119594553171 0.366850463164614 0.0606463100733169 0.484711834131366 0.263402208384048 0.767298511277981 0.784467364812136 0.410753228109116 0.976960817927372 0.0941447457553598
0.268944726956253 0.741234942375973 0.167526636684071 0.605107652390067 0.152878095873349 0.544463776826192 0.937005273544238 0.812201866601266 0.0373660035421702 0.578065828432293 0.278569649624276 0.71251938852269
0.924463798056817 0.218624597439142 0.997431323583448 0.199062083878351 0.223730665632975 0.50867205035997 0.844159635987917 0.204510206738312 0.354350050142062 0.0548364597573799 0.395294152162617 0.712904988243728
0.159855488271638 0.597854292457805 0.308108018893004 0.216770974133051 0.55536352798112 0.0361420556179392 0.679356323791887 0.795288727591159 0.530833910515303 0.833547824500625 0.213262994432375 0.679999542475163
0.831399925083389 0.613747588334306 0.811725324917218 0.186370137205103 0.127475924994561 0.894500346473937 0.479209212785026 0.789413649648482 0.235151591090704 0.492739951974653 1 0.986366702465958
0.032889809281493 0.926001353322462 0.535662143488557 0.281627670470469 0.828217805378019 0.235958645519459 0.29183112649779 0.512388993379679 0.733553508384643 0.193412472988831 0.315204282291804 0.61311212376215
0.781031627832355 0.889569051560922 0.554871279758199 0.685848879360119 0.428780854637794 0.513479040114817 0.00665091406652362 0.203432819619141 0.0386791051580234 0.708804443236584 0.656422665823291 0.259067908917226
0.20053436982269 0.193652840993701 0.848649859171767 0.445143503054299 0.312252224714186 0.462312755244892 0.764777102796207 0.403173394265467 0.67891769536163 0.0207033097519426 0.419880968229804 0.102866050146462
0.743378498552715 0.527029872167453 0.489851321675942 0.242893679491967 0.833984784698519 0.238144877603848 0.943167830634997 0.58381387243155 0.8803439265854 0.627190472150026 0.654264083234355 0.0814921203270919
0.724601367591278 0.0442039359641329 0.893844257170124 0.42047581878426 0.697251757054867 0.40499482662626 0.671183879869349 0.225038731518801 0.713777619004429 0.297842318679189 0.465989836480214 0.568823052187025
0.259633342161076 0.295572636992276 0.49026223179902 0.733404160425875 0.0897619263969949 0.884148317404005 0.175177335081946 NA 0.979028470158068 0.281127298716721 0.704795815309571 0.84174821558176
0.42638634263674 0.66225869133308 0.740447106349417 0.60450700588589 0.780023614576516 0.380150297066747 0.458618186919368 0.550329906000948 0.0901088848745509 0.0202341414474571 0.889267081423453 0.923672800253014
0.892523379053168 0.867750462000681 0.735718876129524 0.192395356440978 0.591037789961611 0.746248019530856 0.570215300165827 0.0933109469788722 0.992500887913129 0.936857690306275 0.510660279613327 0.439415993896964
0.873652491197273 0.685817067923358 0.590678936354453 0.278733668072041 0.44148306627046 0.935605921638569 0.327191794131555 0.415476215272595 0.54187499800295 0.0736181431196122 0.439195890189798 0.378832663813704
0.477944360701785 0.190091364631522 0.977820592727711 0.200794618419013 0.354837202310885 0.824117634933811 0.935777016284365 0.1930653390182 0.463907376788772 0.453430263598617 0.281437311013313 0.825471496574731
0.53908144867247 0.351091392886765 0.366543587838848 0.565135385713097 0.551359133600267 0.00531177564597027 0.597499159755666 0.939785128981756 0.52329763612919 0.378501255986153 0.697599317830081 0.29534212996289
0.621136501597455 0.507812136767367 0.610652760507006 0.805988080385302 0.269509346215616 0.804527869909676 0.817981983929374 0.333805545927087 0.656135595452181 0.560947683004582 0.449197914755887 0.607867413207798
0.422285027752357 0.296553175251444 0.371052973222138 0.753625997949601 0.774883858590451 0.695424547553507 0.0697971654161036 0.279842227266276 0.784385531928139 0.162299680447898 0.958943396721851 0.785987578472471
0.329070547341152 0.0220339980761183 0.357569966282266 0.0685792117308843 0.918258036044213 0.725612656979182 0.533953234143238 0.999999999999999 0.307103167853514 0.198275147581225 0.585305609967153 0.665491131249553
0.644700105199055 0.723681644058219 0.541894794984432 0.26462473923547 0.218242032357524 0.948426878331678 0.263875316311903 0.582305466046008 0.052340000306977 0.569761916202115 0.128451399617258 0.355218791372748
0.986404170013222 0.264424654754011 0.702508921063201 0.655175190349613 0.764375228816158 0.245861449599214 0.548714250155625 0.961687095843934 0.376672429097243 0.70255170536394 0.764743349452466 0.0947619485011676
0.576152394053173 0.190293951707962 0.489474995839498 0.228682025052992 0.346498237811776 0.247758278424008 0.496151178575094 NA 0.768982195844123 0.117804292288478 0.163507156505429 0.883172372871285
0.410204314740374 0.420162291288226 0.761231217324895 0.720661397704673 0.549834413119134 0.862412082192631 0.37110193240939 NA 0.743901059558603 0.497924985574311 0.452153552792499 0.0448220150657019
0.831732123696593 0.585487646339976 0.954953874037081 0.48546775943566 0.172486465783459 0.417800923492751 0.487246278904698 0.264029165404788 0.0410547735755559 0.411438130910349 0.742951748606038 0.594755898176724
0.00339801373800034 0.550320734469659 0.251084209699783 0.252966420253121 0.58568406461983 0.564374579089518 0.271326444339196 0.661168417889949 0.726814188876302 0.48193337339739 0.982947703728891 0.40769704738335
0.649855217291555 0.0689387817872092 0.807180208104642 0.421028974252067 0.567993255335462 0.380820526585558 0.514325855632442 0.807129725761399 0.406081841916648 0.292046495120693 0.189801488701072 0.0138684719191622
0.0521279950869659 0.113941505136588 0.949710666860281 0.609055698388486 0.619339471235549 0.7316830588111 0.686959082034497 NA 0.420480294639179 0.000362575074168818 0.879779222861322 0.528005671415623
0.98789677469521 0.157885954414092 0.733534224706065 0.364223652757064 0.6818322528075 0.798452105844049 0.183123280947672 0.536485033139594 0.321612905654047 0.912231880859723 0.672036629959585 0.128096116575261
0.105853450464718 0.432799264234081 0.739329759138431 0.631946735029189 0.0812133060670239 0.472065896510094 0.898683998459215 0.73156694360151 0.273762058164143 0.927083272885367 0.220321301631938 0.271589145645902
0.016097711798808 0.940302138602214 0.774439639222667 0.538461117845375 0.357253854231831 0.385155033718673 0.403788215510675 0.749813029324289 0.811874873560493 0.736432887418619 0.569531150970214 0.724434367476653
0.304370980157798 0.199353726554327 0.952992950708346 0.138389987165572 0.549814449668989 0.720543992320645 0.661106084354773 0.0906996613221393 0.367788526490058 0.972600715039733 0.20337582743605 0.451238565216536
0.59005508527985 0.352973554915486 0.852060680705955 0.0579785570544682 0.835709119128997 0.595207160347189 0.415385934286259 0.603988995163202 0.892948984688249 0.2726522497816 0.43608208207513 0.118126765583924
0.133440565104647 0.0588439830244027 0.508035385489092 0.848099156363259 0.515413904362963 0.178760606161668 0.273038414503276 NA 0.36857150050582 0.162582261393159 0.926436046529056 0.728650516274513
0.348119873212061 0.213047753337104 0.305748892835806 0.360842055668905 0.286317375575232 0.14784403601656 0.57352366234551 0.22362499602864 0.569163227467567 0.565899315369969 0.764932888187556 0.414141561738568
0.874155505545061 0.0238578677570712 0.703703555703181 0.360162656021635 0.149176184756225 0.143724388141363 0.35477322127016 0.219418992835291 0.266254397707672 0.617334818857002 0.392210797547437 0.176583948521102
0.0201879235524077 0.0513256918974132 0.575666207760589 0.662925220763962 0.800830871338222 0.384111642804331 0.283454058557168 0.270184443277733 0.51210593422158 0.806173134110265 0.117749637696059 0.329833095370798
0.159989455523681 0.602686188856368 0.284562426530586 0.361122193352306 0.400052058477695 0.440203044394253 0.774588096016458 0.402898831696677 0.875323896696997 0.121967202693203 0.482267281759636 0.522954887407462
0.673515429133137 0.775257194778222 0.208870174178689 0.635505563681053 0.146937538668872 0.540431107747021 0.224288750762729 0.178719995954108 0.109731580472813 0.429872555140315 0.0530733105170457 0.477905556000251
0.863667535025307 0.0805394501633448 0.490052353672176 0.670531896060437 0.665724054648057 0.117607731105979 0.206779804623022 0.132028864842812 0.892482632712186 0.634637027857747 0.328420080073462 0.0802228081214861
0.388068184830138 0.250674980554572 0.784075902171912 0.955462606933311 0.566350252758557 0.697345155611585 0.731372432644407 0.710639574374168 0.0384926910414405 0.385159040952802 0.8335295104641 0.717833727043508
0.951643677195368 0.204024049854843 0.385832364926762 0.0128239860711055 0.135099663536552 0.232734028247574 0.0816262692161668 0.64134111617972 0.25530594831646 0.719644198043286 0.480105483008866 0.939171416156153
0.908170929991522 0.430980865873444 0.582988037643342 0.528561308804014 0.391832142055287 0.562875272763727 0.54829503677792 0.960732909146989 0.43482407955792 0.612469028681525 0.420180760172293 0.831823892277121
0.289598120641458 0.187539271954882 0.83537778307867 0.244198509573247 0.394825034137289 0.630741098214965 0.0344803750407188 0.862638057516655 0.655647362713446 0.511608909357474 0.374311433903811 0.26010848366153
0.239054126862928 0.952397445311369 0.219978264760313 0.86691370265662 0.668505333203607 0.513610798114875 0.370929348059647 0.112231831092182 0.152070405049333 0.185089235291465 0.281894271408862 0.70813760573206
0.305867508521356 0.85821994457974 0.355782828972242 0.508528476191811 0.112606415493213 0.49803277897823 0.562352875524708 0.56754824343893 0.779647060759691 0.401881651146681 0.384319214900596 0.877207014450395
0.509479258952037 0.523513709883067 0.984533157454667 0.912751819121914 0.9798509180752 0.623353612370568 0.477584850958034 0.434938002104245 0.886802065489561 0.513925628488715 0.952814092437728 0.0165336565801139
0.968515251188241 0.434178998604611 0.805933437879751 0.36001328870703 0.763157564083393 0.567330137715509 0.468303002224685 0.618941158070945 0.930507832241319 0.305762764389424 0.762423539883416 0.419448400279417
0.376640297672622 0.185668278501967 0.413086577567389 0.9970375344807 0.0189150666315976 0.783277537728204 0.566828668427068 0.954999361667891 0.0457185305368542 0.760472980644232 0.317367028214659 0.344275393576827
0.655211589800571 0.229642280740374 0.619088381240794 0.421650499239163 0.805069018632425 0.726232804794557 0.784008613337729 0.22276785548537 0.472530394080302 0.138354675804906 0.392213417151348 0.586125697125956
0.79883799225407 0.157782468762235 0.794971275881875 0.24156673501972 0.323957364310835 0.74595954628883 0.198861100358388 0.680551963972134 0.216776373840354 0.5047211904775 0.925711564364838 0.144539007667472
0.0729922410965222 0.462766472676671 0.879780060705875 0.572278418320156 0.546729717911068 0.517119390014639 0.0836257547356193 0.344212882745657 0.996480660453752 0.399683559853573 0.00586607090171621 0.00857705152546779
0.344125222402001 0.636613563257628 0.625607058078365 0.487305067154347 0.119772538987501 0.209458590108834 0.501243633132866 0.915608974838614 0.285729747442905 0.275370792092132 0.993147187054586 0.186522623493377
0.47064706529034 0.879361391838482 0.934051567952275 0.146051238824653 0.554475744557386 0.510478954063584 0.496395045256071 NA 0.183851696217726 0.861344121150917 0.951652334445224 0.797996052531664
0.065160190018096 0.570386674119912 0.625786728632499 0.848379683393037 0.236766520682348 0.219684130808925 0.921172615696883 0.816403070548474 0.574492440634031 0.432054769554865 0.112931451136078 0.227352876660418
0.791957581280304 0.321668725864193 0.808924347815764 0.79192519066616 0.231762548542779 0.088039776757617 0.963825259952876 NA 0.835789606676526 0.173811196852323 0.933731628279011 0.438646261787948
0.452553155867211 0.853198478257577 0.69914442245738 0.426271778555059 0.433079832682473 0.5448193414794 0.683351375397373 0.89701074811842 0.571659892731219 0.518193479366706 0.883249972555119 0.420979489078468
0.915937128282314 0.262058005045708 0.510515536471841 0.401944605146714 0.693388677683504 0.920905289638933 0.589227666231945 0.841635196897406 0.330875907761072 0.650328976004938 0.789536791416187 0.505000168174531
0.824351224987993 0.0533316586957066 0.572714545068088 0.906168693076933 0.989301019680399 0.00559018091618471 0.0201352531631253 0.410880560472481 0.987832123748989 0.82277199839192 0.73169879202151 0.462140239060219
0.0383612794556739 0.534434536047666 0.756595552533664 0.585626114402342 0.745585128274354 0.569933522383574 0.343879351838341 0.773853954066438 0.766517378013938 0.208076242298687 0.0434633721670286 0.53997325836293
0.968667100305599 0.462555469917033 0.488341293342693 0.723078300357022 0.950874570306522 0.781259529904212 0.290548158876671 0.680080891635444 0.895392068776564 0.927610885393175 0.602220295025321 0.275731434437578
0.326492049054166 0.454324768946821 0.95952715866334 0.665576592823502 0.706647584081808 0.859060237603514 0.173311067237681 0.407404714263307 0.508594051580263 0.25214404225898 0.974752844026406 0.717840030622309
0.858658964243931 0.773291732806767 0.513258398447207 0.935856464971169 0.877979869392692 0.562339691494304 0.334692522295136 0.838152428240207 0.843336179516493 0.281623744929907 0.964761461632177 0.143131488815891
0.659284979579871 0.285400028239392 0.247070314798007 0.0109418858430969 0.86588048113622 0.639708846069726 0.992556159118396 NA 0.960681735818757 0.138869704413605 0.851092039167856 0.784397789883511
0.0799129922008885 0.686054351715208 0.65576452831936 0.0578592453928369 0.123897664750852 0.674557068661638 0.0295342796311174 0.729885751685711 0.342849508352794 0.323294656812154 0.841379027057134 0.257381622655545
