ADGRE2 ADGRE3 ADGRE5 CLEC17A DDX39A DNAJB1 GIPC1 NDUFB7 PKN1 PTGER1 TECR ZNF333
0.333186651024706 0.852816021178051 1 0.518385744234727 0.521876009916639 0.456817491740312 0.355050680199562 0.435592733622526 0.0634189967063933 1 0.202018777725357 0.691712047607225
0.223950534271026 1 0.0744385490377594 0.0118768947547834 0.552027709220972 0.826901480177798 1 0.839545837987242 0.157603136449008 0.735175216772578 0.783268661553626 0.817156107367952
0.418583123248703 0.885561917899399 0.717221053301328 0.289180017819538 0.497987920591669 0.833759838327358 0.297626748791862 0.324190774876075 0.598778422952426 0.560694466006193 0.656882791187691 0.481729451016998
0.341017400388258 0.805024661021586 0.453665058544142 0.0663227049820053 1 0.351587601825041 0.456096780625797 0.278483478571673 1 0.711859766714924 0.297075224952293 0.224077847283751
1 0.206896158055471 0.187632285444853 0.0779710906556167 0.212466901821679 1 0.225932818488608 1 0.657251103915974 0.747859227973651 0.626083134023198 0.520395676553774
0.371657499542293 0.0672293320495172 0.788159967770931 0.864796512016212 0.122923333189631 0.795684826164089 0.510247145422074 1 0.549284752838503 0.686082640793364 0.286985677903011 0.39005750138174
0.362348349163499 0.874210920097025 0.473818335359274 0.226972970770217 1 0.189931315491199 0.363349261435656 0.359246869817902 0.457339330467936 0.261906201410218 0.768412053745583 0.41053048184472
0.124124308561954 0.669065421891813 0.120168645071606 1 0.367224960841551 1 0.821293190268977 1 0.0930205565142836 0.146754565221745 0.843365896097858 0.141698647920207
0.875301984501229 0.891700591332674 0.613959028011911 1 1 0.281717599831284 0.542085891376452 0.422376968546238 0.631550616229552 1 0.860091686108542 1
0.3286816053348 0.500592927746632 1 0.657025197112605 1 0.902694459067786 0.397148338755423 0.140442533531337 0.0501311790551776 0.255495369643542 0.431720128237768 1
0.276721822389819 0.280137542197567 0.609446387210009 0.619370825207693 0.837247283136802 0.165649080275151 0.06446872151858 1 0.726358006524274 0.567601013922618 0.492566809605922 0.810572152502013
0.30696512646016 0.508947743437543 0.662938215555014 0.177701968112527 1 0.663346044495873 0.40980333794549 0.854158449624203 0.243025356855653 1 0.762924579631183 0.171617823180516
0.441101314138022 0.638440511068945 0.732294609130131 0.495735042344937 0.853183479043051 0.47665383858193 0.715904489121883 0.656882791187691 0.597223135976843 1 0.762541833348971 0.45976926540504
0.283888052078828 0.237455445660373 0.548920685371261 0.814762700609527 0.0739366997741616 0.593805056971235 0.556396442881225 1 0.305769194797468 0.28853939652967 1 0.751368809786093
0.156867114037618 0.336022521672811 1 0.139308637102505 1 0.498517791947102 1 0.0197848072125895 0.633178288323743 0.562166542459562 0.320287299116546 0.665041646731539
0.0227041169331368 0.356853391688914 0.708850202838882 0.738992152985387 0.582681298607882 0.154709735293784 1 0.755483282680066 0.702626285805221 0.244322978577358 0.369758022610356 0.65517242587157
0.644508173563517 0.49023342234014 0.591142943882662 0.453288827079968 0.726005864968489 0.633891713638271 1 0.218372937984134 0.430812681342218 0.56562047910687 0.399156043634271 0.888356137362249
0.499047884304724 0.696592305138032 0.367413987442145 0.188876321148881 1 0.648464603543912 0.782081535888561 0.785381503550441 0.268047899833374 0.118194815546833 0.771826811013109 0.596874399254487
0.786067147271848 0.845143582156996 0.41014661745639 0.767202337611849 0.722108858073978 1 0.697745508945672 1 0.599889378325994 0.898832614106543 0.566320256998079 0.855878059894759
0.340712382770546 0.845239214434252 0.755689367377957 0.154208041692993 0.724386477289769 0.160111947910275 0.152226294215157 1 0.180441651332054 0.315905133481422 0.469886752490798 0.62027266781112
0.516586699462065 0.853836404504632 0.791226035788505 0.455224113113863 0.785260753501699 0.130171817825613 0.251116694085097 0.22342298361337 0.778475217481712 0.178421815412542 0.600433324329843 0.625217988131628
0.0687116644918666 0.657523683185276 0.604126549821394 0.627275693299506 0.842858407233479 0.688545295647625 0.842548496508716 1 0.422143389510646 0.486219517818377 0.781949143394199 0.316369754297386
0.254246378972803 0.416950698872465 0.197233925948671 0.756916660073029 1 1 0.0412660397965221 1 0.129039807569094 0.43322592393969 0.180466676977009 1
0.223922109670248 0.375890820238933 0.558937668721918 0.508275207361871 0.681133477197595 0.521012458645038 1 0.684083690953625 0.347732604733482 0.306414330732917 1 0.046478878143061
0.341102822609264 0.119676577062387 0.0422488849181418 0.327242538666777 0.219484908043902 0.144434124456787 1 0.141710271389771 0.22072970505884 0.753147806052487 1 0.116799030429179
1 0.441433878215177 0.0737901590888366 0.79773304339759 0.608102316344884 0.550505430155802 0.272690076564057 1 0.671913402585273 0.312419092765605 0.91382418357067 0.410786482032003
0.115625993821788 0.861710134008033 0.596416406689543 0.657071085377506 0.334369665613976 1 0.5317732936451 1 0.11064616456478 0.268465178913409 0.039810577356579 0.136996113977932
0.463376672389268 0.139761195283593 1 0.686574667675427 1 0.459545910489487 0.533460233517656 0.551208624821772 0.775917445133883 0.320780852268627 0.414600162643409 0.810145665164691
0.661058779999015 0.795382099350864 0.543559823460725 0.723051679239241 0.312056360304737 0.751192838723854 0.745596884944692 0.319245954001986 0.639263993283977 0.13787340123505 0.843220834917955 0.666555478262432
0.176278874044493 0.551044464936953 0.366434425065657 0.288105709218005 1 0.425083137787951 0.791746953917973 0.456096780625797 0.72849159379783 0.484164933386933 0.473272657311007 0.788517777846512
0.627713807304629 0.831822760635938 0.807219797475621 0.352721191266599 0.245331790798099 0.270544929609893 0.406274767784332 1 1 0.74186467670924 0.729730263702686 0.28648333155899
0.292894352532928 1 0.481623706267864 0.821171148336482 0.238924080367292 0.641230996361083 0.706373800248514 0.634752716182206 0.438471243121664 1 0.767668806307101 0.669974213468795
0.0749385600134886 0.195079369906257 0.0512475066618396 1 0.0729583841136031 0.341336404364977 0.897149995082792 0.276994386039018 0.16078539729695 0.623066347235311 0.341336404364977 0.483433598119433
0.856972231184564 0.0330010052445663 0.507508301446902 0.146204283580197 0.664408588663058 0.671996850698556 0.186905888045668 0.0694823102358788 0.851343923572707 1 1 0.400383631524924
0.804575980468077 0.48488636194532 0.0857003847190558 0.5400641749636 0.886047032711154 0.179896188385375 0.542966007985924 0.50782908953335 0.871924673902295 1 1 1
0.173978349009948 0.848684171799916 1 0.664219842938754 0.783788084176419 0.110797338205514 0.361173077789595 0.00526802825596476 0.237183367709676 0.755672256318586 0.182822449747885 0.693116882188312
0.803241253054982 0.629355107543776 1 0.654252812570355 1 0.417571345738371 0.318484534688129 0.441532237226162 1 0.599640784653738 0.417300190055066 0.626399044628673
0.761498962224488 0.406336045541837 0.184369194975867 0.742329711424063 0.0625419441548983 0.16492505068379 0.768888057806838 0.21737097821327 0.807619789693699 0.219893353482286 1 0.492141153193377
0.4588369250604 0.725432881274781 0.804059921960855 0.827140594946952 0.30466280190451 0.508226505913061 0.60350241450825 0.763279372103275 0.10584956905911 0.767286491305312 0.450680552914633 0.768435570268463
0.508059468084438 0.25703057641185 0.38468408513574 0.0295999330014161 0.227134830222593 0.411911993461628 1 0.521012458645038 0.887642585225721 0.393919508030676 0.854234351012281 0.827629935237003
0.511384209823951 1 1 0.609019392931624 0.584802852575892 0.768306286287097 0.481351429543371 0.49227081398673 0.0622870807378312 0.541491890276275 0.300316054001808 0.138293808042117
0.851786823811364 1 0.896282817033853 0.276367655385424 0.697335258560456 0.382254686784249 0.167835953698421 0.36485451969146 0.356325140544647 0.309167991364682 0.544687254897734 1
1 0.375210346946643 0.0416734639238853 0.381843607868824 0.820120401233333 0.239298556202533 0.702721296705486 1 0.0883176247473905 0.406238242315481 0.263641851677842 0.902340924197945
0.781749855244282 0.77055013389389 0.688177625370673 0.871949594212714 0.739834318098642 0.42471777064074 0.648896333645923 0.745159431383412 0.44385601748528 0.112366549681491 0.167546291465636 0.169282293189396
0.439773060185693 0.807842523807373 0.429171901573915 0.0993105342378889 0.233133959593063 0.637808917857476 1 0.657778950243554 0.79718987929006 0.584760584859956 0.191486977938991 0.76684108072075
0.74855702799551 0.42539889032787 0.247746220617756 0.621365365298524 0.309737446093456 0.782838623084509 1 0.0542790283031435 0.356129682805839 1 0.833779763190559 0.74366079118421
0.347347291337757 0.830381597483136 1 0.0263889154737931 0.564678554659118 0.255726776442139 1 1 0.868759567460618 0.609421910228852 0.0257784310041611 0.0377832176833669
0.168156228005637 0.171555426857541 0.216074096427254 1 0.202335861075934 0.544791428694607 1 0.693363084220695 0.516024026425308 1 1 0.647081316435639
0.607902169041467 0.608819922841257 0.293261100480535 0.750570779824522 0.415662563265048 0.735444367772981 0.50644969744845 1 0.151807945099908 0.0899653605411562 0.608796195206827 0.714321239691046
0.646848287856391 0.814365426872343 0.526346567006325 0.686969805586273 0.777486165965908 0.656808981723602 1 0.399439779544646 0.0274330811465242 0.266378260903587 1 0.508884133609554
0.220869165637852 0.684339073692167 0.0773754916565969 0.765827951602735 0.0443829772550018 0.706340409258935 0.595764256711794 1 0.116814152483251 0.445502999915598 0.0419356407235686 0.239918172055858
0.678770412874236 0.356469229125213 0.170610305929113 0.0537350695329992 0.620372492402311 0.224880389424946 0.409286624496021 0.326846063525448 0.371483896527676 0.872020479795332 0.86254563001975 0.560155372598177
0.501371435389094 0.112906936931251 0.713421861279929 0.0481039674110345 0.467214789063028 0.691639770920645 0.830149175793867 0.0435793596358873 0.330756861807618 0.109767830783346 0.797567151057043 0.588508853874569
0.581704804713252 0.555184139727176 0.057266696523716 0.567774621038844 0.512334108344052 0.988055035557734 0.278403779172946 1 0.123502912857552 0.830145151892563 0.381724272960164 0.164657735689988
1 0.823215027114297 0.433098750162209 0.680706474376388 0.684436726847046 0.913878210744592 0.665419735025033 0.423420194340884 0.220100987920908 1 0.648154737311377 0.698019274354955
1 0.743596616583515 1 0.661046901752355 0.637218358766134 0.385210566708214 0.704884542456881 0.169190617668467 0.608442450182018 0.36858875112429 0.66459863704777 0.58280695269911
0.520339732873615 0.501805740332991 0.0103934699861566 0.86024346383131 0.554321227856918 0.452716259261964 0.879803534677873 1 0.0866912226444541 0.0722728133391897 0.361195583035276 0.0575650263781897
0.506654655935387 0.422091069635236 0.781583580928013 0.786828050893176 0.0558002214865742 1 0.61993438915672 1 0.245143282049688 0.686218073467838 0.520311534614583 0.72580646876657
0.0633232475193896 0.589600355891206 0.728851292583829 0.956831105286146 0.65965230486304 0.719713106194384 0.336552350182184 0.824504399872091 0.110474123347942 0.97817634916983 0.0844876493096671 0.861160629151491
0.27810985629682 0.0654255103655454 1 0.393431926629944 0.565227725658191 0.645806522305967 0.355050680199562 1 0.461965978827628 0.267215594871577 0.382649853507778 0.387931394385664
0.153393103297117 0.023989151221476 0.305195968668853 0.371371195690636 0.372507471662276 1 0.602506937596216 0.288302074412748 0.838176066919839 0.237189811133327 0.368523261569099 0.350542768895211
0.351867537839618 0.745014185847483 0.810098212113624 0.154254563515668 1 0.83142640546779 0.214935251756771 1 0.635925043581365 0.132100782065494 0.775941335440247 0.844983352771799
0.30610475483871 0.625753386206168 0.252455844473371 0.596482109703583 0.81784674452953 0.877071321895773 0.548617102889072 0.117872473848865 0.0749110699628902 0.0772739611257124 0.379688126687746 0.874494009620607
0.791096963977759 0.393061850898027 1 0.865076911257618 0.232500826366912 0.611063995170054 0.201152168829295 0.999999988110594 0.704885094676234 0.52646288869022 1 0.384524233554846
1 0.507248733641625 0.274450353218228 0.859149187612991 0.608821291586401 0.219085939176006 0.541100700538329 1 0.0797584409052712 0.736617159706329 0.557203942096457 0.538419691919353
0.674818668853905 0.506098913402946 0.772420135338788 0.317896312197703 0.0835106168727749 0.806789329635288 0.550822253662582 1 0.149708422227899 0.548866851694583 0.234379859838149 1
0.283773417433434 0.802857445409391 0.747907627092672 0.355050680199562 0.12960907099408 0.741687804526646 0.736833896577275 0.826506268385052 0.304724669212558 0.0483963115371076 0.621183806764986 0.469634140614127
0.26699397668872 0.531465692589565 0.0591179296082318 0.398121957523265 0.706803550226822 0.0134203289545194 0.768647268565957 0.200496500437448 0.82177614524389 0.339508206614504 0.705594134594849 0.355355901020111
0.560265447881299 0.34166233018904 0.824192043041569 0.827161971185191 0.129215560101421 0.0363123957165125 0.259944401415607 0.430321137971221 0.862488959522199 0.411565560859295 0.0926353612078583 0.798250163704394
0.270180447170192 0.887558343763291 0.548978669822119 0.451211600522123 0.67330611108274 0.170911587043614 0.0331469574206782 1 0.759954170948146 0.656482822690063 0.262248799092543 0.345687873796088
1 0.88071570078059 0.0770143931696461 0.34534430019389 0.276765372787081 0.770413437153222 0.321975275181178 0.0895264564875317 0.0347034673876149 0.354977500648727 0.758318792362971 0.200201466204602
0.648689147424311 0.668785860140938 0.751187437299592 1 0.606868666889415 0.429705800269846 1 1 0.506248938615232 0.873201926389639 1 0.827618035255973
0.38964546965298 0.49641441181246 0.759557359716488 0.424432293825975 0.0627801601730277 1 0.0491203891218667 1 0.0782993088220652 0.434065870158416 0.110734863703797 0.661227589704256
0.817931618249593 0.657458070216629 1 1 0.389162642907676 0.504362031765154 0.529478224532286 0.656757621594901 0.703816169594337 0.404433408677716 0.165649080275151 1
0.346274031954089 0.831468965725333 0.817140777243685 0.0675437434697274 0.0893145231737132 0.266724687591493 0.262619558035145 0.382381698327297 0.696726294322706 0.64856092765071 0.450967794823243 0.625471451771075
0.260487019002303 0.0392197587654129 0.696491799119658 0.0852674388382569 0.612514680973052 0.691475911292836 1 0.800971098641111 0.728185232290958 0.640142391648406 1 0.239961317086538
0.871659071049742 0.918708347258241 0.804565335562098 0.159239260699131 0.628844191396168 1 0.750508196458943 1 0.499954436402339 1 0.770493543317262 0.388215757342675
0.182133941329529 0.755097032854483 0.722027256978144 0.267477188312851 0.485800305227675 0.47945772697427 0.649862467643397 0.553498866786787 0.377308251853382 0.26938797564765 0.850005923137479 1
0.838748821890569 0.0246112043533885 1 0.684455815152048 0.475960901865495 0.74150900688616 0.709588752348182 0.186746263055659 1 0.149383548945081 0.815127457459629 0.110665252899023
0.547599109297022 0.633695537168963 0.232964476050087 1 0.757129661688397 0.661646274215397 0.870790123857044 0.341336404364977 0.405561293447041 0.238914741661172 0.68712093478738 0.619459277189899
0.771224620630138 0.527959788455951 0.275961374444355 0.49188986593388 0.789371380466664 0.582289805955041 0.261182194916212 0.0640331112607774 1 0.77536969726888 0.722340576227849 0.892441607056625
1 0.449257654761431 0.0598114774628238 0.240903865445432 0.243654879650254 0.715682654607071 0.219450423328344 1 0.44617845901506 0.138407235731914 0.641317269400321 1
0.0044912149013373 0.698107517731419 0.624743695025871 0.467290545373596 0.0152316922539276 0.520828634629155 1 0.341336404364977 0.764250165146049 1 0.140442533531337 0.105924648241114
0.760086795055851 0.126130054888941 1 0.586261538901007 0.555051676405397 0.39814610243714 0.148653327933078 0.149684622034773 0.631218000254993 0.393669796197494 0.705771824522614 0.853260694074015
0.601919778822828 0.52393754111137 0.642658555580478 1 1 0.453976058375835 0.331190032368278 0.913095195361138 0.453679517991183 0.684455815152048 0.729307194549944 0.79328499634703
0.57011238718452 0.31291205232355 0.542915466606289 0.565709022137597 0.784855104495858 0.104403718459027 0.258956616242125 0.613469659387889 0.863238293481469 0.53682088820442 0.29946882436865 0.464645685226971
0.187837202407483 0.772042268173047 0.656333228717725 0.496124647624799 1 0.700345722703824 0.0327403288388615 1 0.470375449151673 0.70469348571906 0.340147844034579 0.100678021248855
1 0.701370180554949 0.474082649841551 0.816727400328756 0.332249547247034 0.324827426869548 0.347199211948604 0.130117679071807 0.0619859273211698 0.666496084782336 0.451256452481695 0.241047930010917
0.186250185082079 0.801742890533021 0.62094653338543 0.119354554589417 0.533948156057776 1 0.13884157917964 1 0.533623273909644 0.230955367506544 0.261417469365487 1
0.859196669898532 0.0089418499743944 0.241398545564246 0.836333993511275 0.62580045593182 1 0.535748157798545 1 0.00968579785372992 0.178802501984023 1 0.107815747054915
0.140022567375582 0.458126198281695 0.538383812558442 0.687925509788271 0.751233685076731 0.656882791187691 0.915227255638686 0.0192006825578244 0.29810547136165 0.753334755670927 0.702037439752018 0.511272762324755
0.3259854851915 0.348320141585399 0.220930915278423 1 1 0.292554150059855 0.433267831778321 0.628279123192951 0.685422924743179 0.60131126389531 1 0.389610749793305
0.59448695152738 0.236434625199602 0.00846429296714568 0.383726520635841 0.55562187288942 0.658765683167405 0.660188486881727 1 0.569027612680923 0.769475192280173 0.455263985097095 0.873183368226455
0.300882817153923 0.55165135343387 0.106778711567083 0.0698692001400764 0.516872297025091 0.201937974081224 0.367720523593517 0.0207669769875039 0.18942417305861 0.532940847695136 1 0.297426757945955
1 0.165801234283119 0.732100900186357 0.783717057029187 0.48998307533759 0.593434882072963 0.130150888170127 0.484164933386933 0.704264960048686 0.278612278114359 0.420865241989366 0.125975899176704
0.321493849959711 0.0794906278307531 0.639794672700033 0.225587049445486 0.64422282064557 1 0.569241011944819 0.497567534786014 0.867003809674906 0.657060522484482 0.796284062021123 0.675173546264577
0.252550650796424 0.148909768049516 0.590420552098175 0.671296304868704 0.0453336493055391 0.841912297114779 0.569728708891578 0.797928087196838 1 0.0484647554434406 0.174942947184479 0.501488522395306
0.47098529889454 0.614894332974912 0.811684634143565 0.569156452386886 1 0.622397914984717 0.372633426317902 0.197177999279746 0.664807088663737 0.628136530632082 0.85066661175274 0.200415845494057
0.681590381901889 0.140409861558736 0.430872126152391 0.589634582087028 1 1 0.784368731289497 0.320149163959667 0.470980892845629 0.244554870093891 0.749269695966257 1
1 0.0378255608712466 0.32795068233975 0.50063586811726 0.476509735928966 0.384794533886959 1 1 0.888980260602458 0.161803035211231 0.672983241192621 0.525415069404408
