ADGRE2 ADGRE3 ADGRE5 CLEC17A DDX39A DNAJB1 GIPC1 NDUFB7 PKN1 PTGER1 TECR ZNF333
0.59770758471924 0.39469365699184 0.388302777795283 0.0860427804520228 0.124871375628304 0.822445888440841 0.128243852690232 0.223484258902763 0.129113586938667 0.816889077561026 0.844435517907557 0.731996189194771
0.831426964404571 0.931440767683293 0.591800649851041 0.537763322832127 0.262385627071842 0.41792703870225 0.469001677961438 1 0.819549552387567 0.551532415168109 0.108940844451653 0.669828083360845
0.631840562803589 0.654408687372754 0.656794066432138 0.0142630498087023 0.524217800154459 0.461284223029448 0.0703399100839369 0.677116650268686 0.584596903099411 0.0275702237222359 0.0630473336955405 0.0416107310400793
0.693650887793871 0.358820850727991 0.312915181464987 0.799446814189814 0.795941714778282 0.893354825823101 0.59815131657343 0.275753680588466 0.45155962290979 0.0583482141665665 1 0.0299376147166747
0.524207579863192 0.979685409954459 0.844175912123103 0.248631030784888 0.0200639454375711 0.748484498071323 0.281647945543428 0.212689767258186 0.271007151541191 0.853478261127031 0.233421690672369 0.621460404673032
0.387590956994944 0.945401509068003 1 0.830470390607064 0.167975352492644 0.388574243012637 0.44293224128754 0.368013444101733 0.200549570460402 0.70906778780741 0.379448129553379 1
0.713670212743251 0.707462553996364 0.937328747677964 0.647009526361475 0.825896395738507 0.505423036242286 0.945795113125266 0.809481034465907 0.127455560129648 0.628797843012328 0.455096956038616 0.692895757391606
0.285287902453784 0.0632581844948665 0.325327135359752 0.526515432510771 0.612841663595145 0.711084523448218 0.108049646567708 0.0180960438317007 0.851979504553051 0.446585265452426 0.496024917142298 0.174151838281933
0.72245607280291 0.574516387291715 0.666108502559238 0.835370088628314 0.950657041569261 0.286384557657373 0.226905587337718 0.73256773301432 0.964773596265584 0.264451707504265 0.705461146422978 0.0971296662819586
0.664425811067225 0.531993937454458 0.983618683538727 0.819322730551065 0.314796600362686 0.0520674994518958 0.64561499300293 0.308828135581245 0.628639473436329 0.878233903139662 0.890483746332793 0.155511561240326
0.879264446332488 0.322680565826751 0.336575827371717 0.843695721852693 0.196525498213086 0.846686461679611 0.888270227569454 0.0133963720229491 0.381712843888653 0.440257274347749 0.232173497633794 0.523608688251031
0.113214293322704 0.304178005737949 0.982063595228158 0.894223924301851 0.211960769758523 0.487948438004199 0.723950588592535 0.631330126291444 0.554075078336032 0.412774352250947 0.439455439150844 0.0727234372894909
0.51456499288695 0.47754367523986 0.293670416554753 0.412996723199774 0.66084151914514 0.215340375554577 0.732037028127183 0.0738047506831403 0.60530344077426 0.793238220035663 0.267991901736473 0.93952910881207
0.693517243596661 0.889890977470392 0.944452860907599 0.592616060117705 0.171675829825869 0.698939170156952 0.101656720350528 0.872706887312383 0.733511388175408 1 0.939713442482527 0.378494195342158
0.546270755942816 0.941922579398977 0.6766754158938 0.706049433635807 0.773701511503668 0.653127667249078 0.412708419657447 0.0814120217029209 0.0475410628557165 0.567508429258739 0.423288742835681 0.257909001532548
0.20923190529139 0.819187958480135 0.314473721391451 0.136515638795192 0.369500454911092 0.454391443424182 0.921456013647513 1 0.85677710533002 0.456502205193951 0.353261476468532 0.646470920582437
0.858336231085903 0.809808652194704 0.0811329133827875 0.203282103350646 0.259946109073712 0.0129018015819509 0.794797460039809 1 0.616967111485301 0.887799556520008 0.765050567826897 0.258209087218475
0.894462597956233 0.423875610237435 0.505432970670994 0.286179981359904 0.491173880184063 0.380459150148841 0.50504344112398 0.104917123208809 0.288605879935015 0.539267966274383 0.410092459985048 0.98093998132094
0.768381872473514 0.533938206609258 0.621223894655613 0.581022841203296 0.293129050181158 0.236341299154493 0.154165037298109 0.611426096021751 0.921183603831263 0.234640595999495 0.287806481304353 1
0.0432560063477651 0.286397847049307 0.976163458713672 0.0817139476213527 0.885442795838343 0.280727395660873 0.484329607379551 0.264917729637713 0.0504373260552314 0.536590448642752 0.117985960562109 0.170888050233117
0.0267577437714167 0.764967828125347 0.638658823754516 0.107235126529424 0.424939531761597 0.0142006446732175 0.0589800263775828 0.42740213426918 0.660927757804286 0.972865802248002 0.800305757305303 0.438245394998099
0.0153277608837479 0.616246665759539 0.478007010155089 0.874821448383836 0.0707437081401414 0.814182362664378 0.362214916824086 0.465129916158264 0.08146302720801 0.128537338178945 0.193733268665384 0.200909686392747
0.853493695641485 0.0856711173436537 0.510813370629298 0.430731941148838 0.900059350592752 0.570292802477908 0.360826991853381 0.364755652895484 0.782453986799233 0.606213905622122 0.730629443195258 0.563249902960995
0.709591243590253 0.439611008912275 0.439603376089023 0.374075758559205 0.179810925858896 0.031373685608152 0.659500163862181 0.745281049307843 0.292950936057335 1 0.660108898767682 0.882339770141037
0.332087558367388 0.373209109654333 0.533095484139757 0.482615874718521 0.856558370434328 0.402280624078227 0.364957834630854 0.810795099154351 0.551812464950633 0.744901999216168 0.672870703840245 0.387605473622292
0.40445717728849 1 0.60761319723016 0.805639251180146 0.954852942524128 0.0691518379403488 0.803520721650929 0.328206947139317 0.435730591037099 0.767650663088562 0.711077828986083 0.17296922034615
0.000888687779621615 0.166992682890865 0.112602246551193 0.42608515603487 0.940140928429973 0.645833659370515 0.883559235444437 0.278181836754829 0.0128789147476689 1 0.32130284756877 0.840676841710091
0.0994237394399293 0.10338313002288 0.0361745249453786 0.422937362442966 0.87945166568658 0.495599258117232 0.773726926987389 0.597163633607538 0.418964339249166 0.030999941594176 0.318070119977199 0.438444592859343
0.939397710475236 0.665301076253953 0.267669158793097 0.681823325760694 0.519326854357524 0.23593080356719 0.779042740271892 0.805719817290839 0.0119051413357436 0.218836845257921 0.438493750803122 0.65256404110744
0.923882508894132 0.401786314740295 0.809307840749168 0.533791388086469 0.686463992550687 0.269614250279878 0.828391942487897 0.229678670640062 0.799540911786308 0.392905816566485 0.0174197122679879 0.462934734640463
0.671947784078465 0.152293007377796 0.911740683294839 0.233976768939437 0.81663929459697 0.801674157255186 0.753344834123245 0.733910105982882 0.885355085168964 0.864981491460063 0.925412537309104 0.383686136487347
0.18377024395069 0.163239421776344 0.494375466565422 0.410337771236849 1 0.404641548451702 0.128691254542521 NA 0.131117884777481 0.964258451296692 0.538506205302016 0.187057965755051
1 0.410922379237109 0.708575418189757 0.00052057272053638 0.124948935134142 0.529746073857969 0.502377293485887 0.0545213090188869 0.0350934765000275 0.162360424728431 0.0166919340530883 0.0105213257934769
0.78415058421034 0.136051447320053 0.341720028477168 0.954602688427879 0.379536504344972 0.717297090351353 0.621663155043172 0.626229150246833 0.134795092016174 0.597331118770638 0.672123746107167 0.615144487605018
0.370585581663208 0.952176563003306 0.55357308250115 0.148242293160655 0.460343398521604 0.689298383909973 0.576881066323048 0.0071313441395857 0.985708946247635 0.897325630902517 0.331944796536247 0.709595556746422
0.454280017278726 0.243191581001354 0.850911253050003 0.760961513551411 0.937161120185442 0.20646013824277 0.833724072951206 0.392180756330733 0.37398245411013 0.964238727890674 0.603772485897222 0.191596560705687
0.605858989491963 0.520648636386475 0.454585945761073 0.218264342964923 0.628735967576458 0.970846496333105 0.607129433991441 0.656849318568757 0.207663698686469 0.0309676858634315 0.233057231069257 0.723606083390537
0.901473746171707 0.845325071040428 0.751741763852334 0.841886054382019 0.506310786179726 0.62046307921453 0.73301760562774 0.153123093202721 0.546747272820748 0.369037867453459 0.451419641996746 0.853066770729054
0.584962840405441 0.0553073683950513 0.349681866120508 0.148501911115446 0.299513758519669 0.970700890341151 0.520297188465448 0.177893450708744 0.0202704213876904 0.298016990559856 0.223240489353933 0.26089342099602
0.703677849860208 0.485202960254171 0.180994562682367 0.232292899067125 0.639648884959672 0.209890598064638 0.81101644841952 0.871142598290286 0.948460257723136 0.264560190432892 0.538667683389177 0.695186599003173
0.63835198058357 0.40332935403011 0.0776381000930601 0.924183529737872 0.795406793720898 0.727833659399524 0.792211108074474 0.71542230453218 0.640480737641162 0.158754501487915 0.953341532655173 0.347528852862251
0.751927366486427 0.323624169763204 0.425225419087372 0.861883146488498 0.626270684032273 0.113384625771702 0.44742078324896 0.527188538662614 0.544325173842118 0.173244087636825 0.478405958638398 0.535920084775821
0.303604760781021 0.969787607436224 0.595792448446373 0.307466002957586 0.0973706461842726 0.855121059065455 0.199477523443513 0.0719499405583405 0.225074035639817 0.877136290410162 0.413960663178649 0.642378302067795
0.48595506843859 0.409555811711147 0.0408600372499079 0.0336349995301038 0.137095948350851 0.582043504919299 0.974552952117379 0.131303785270965 0.17761525446931 0.28386644403337 1 0.503855282916493
0.846652817650142 0.241516916230283 0.623117369838586 0.23246899012554 0.0246733861524722 0.718013333047465 0.130585474438448 0.052885965296918 0.289119393620986 0.195609342401738 0.00881866297143385 0.912387391461951
0.638460503693075 0.181108841593503 0.801869542397019 0.132320351723427 0.466519818645503 0.767687272191498 0.372764455171713 0.763044847634459 0.339955761914696 0.213710516349525 0.0921133246866827 0.06342769880671
0.474173305741729 0.412054433772096 0.911804799220849 0.137071561009341 1 0.502215261421261 0.469000891317427 0.119911973006694 0.613092635534909 0.564513299294512 0.814138707163842 0.698104340047135
0.735895389157843 0.110100870099735 0.435406224943142 0.667197106991502 0.504183414620877 0.0740510145350657 0.772481983413827 0.922933690355674 0.939577296464527 0.00923724054480172 0.591114793106341 0.795014606018245
0.359583045512618 0.341426178035998 0.475057578683461 0.914423787347826 0.493069095496368 0.858582115121503 0.625903293819592 0.693249628410051 0.113661194956925 0.450145046218732 0.535279293449004 0.486104470571891
0.0641319844285796 0.866825850620894 0.120499435852109 0.530026606384706 0.777543277505406 0.814245507190373 0.951102860345532 0.18182533372332 0.91561755845987 0.736598558594918 0.463121554112492 0.749864103105764
0.402630661074544 0.594096801987975 0.101985529237338 0.593619572967695 0.945039166390747 0.365555064000379 0.0446542914994839 0.312063770057365 0.134163014771577 0.196647605108941 0.55715414791463 0.586166475862281
0.354814533691424 0.415985016225772 0.332821811122477 0.210958751829581 0.77931631929907 0.898036312959112 1 0.553666342925453 0.781851946496091 0.297723927933223 0.663967314832703 0.846844084508655
0.828236190186678 0.533891884678229 0.360981259625422 0.846600914865327 0.491875306564429 1 0.529091137834848 0.680580426538875 0.496576757886924 0.920283629032167 0.469525779648025 0.307491132866803
0.564545743905249 0.647146567738895 0.199253079353846 0.695464306423446 0.925815411087756 0.298524671635508 0.987432919586391 0.367622285403817 0.498206728797369 0.00736337360625149 0.431335250234325 0.890397707565182
0.787637892039131 0.51143308405895 0.862348080533293 0.0277975810153273 0.653993139048555 0.661014269169062 0.923197476219261 0.643244255818455 0.431762018904362 0.619774342398066 0.169441971490742 0.359230249715114
0.645849957658364 0.232936365444666 0.733721116767613 0.284021121636201 0.472440520441129 1 0.720626457930084 0.0316715369466748 0.480229215864575 0.890377144858636 0.777541434088476 0.47464190411256
0.0654502170574051 0.20155219239737 0.395255317572808 0.694184034113812 0.10127615238989 0.536681151327229 0.0256518865486449 0.416318573649213 0.0878869023548619 1 0.0812307938537451 0.898291155080426
0.97620240835814 0.235056392711216 0.0340631342821793 0.711922950174301 0.264941171953826 0.796658343929213 0.817028645686832 0.444489045371127 0.336162570628997 1 0.0646367061690351 0.499004945999285
0.470646156184404 0.69541141861342 0.957304487869613 0.636532078018607 0.55404205121093 0.798717808266561 0.453912321386323 0.953782883969816 0.502317192631862 0.471328318022109 0.179666401556454 0.467242210515195
0.101564877702755 0.686092226833774 0.306004786059715 0.227397495019326 0.0415379103443319 0.392379915171074 0.255530401550725 0.0511290644523443 0.307672948471026 0.624328771059443 0.989653187436433 0.864488284930826
0.982575769303052 0.778255070390167 0.378087377127011 0.78035736762372 0.679195102089824 0.681618337858532 0.684638108946932 0.204235583923836 0.733719904147449 0.772895120713218 0.502963590787697 0.615389083133977
0.187296946391851 0.289951950681877 0.601597712694852 0.737043397153663 0.172051953614611 0.204170734505084 0.315534216538889 0.107489539794968 0.448175210727301 0.472507297494999 0.826359898585612 0.177624450527291
1 0.95834272569196 0.643843679579549 0.87696490873384 0.9082761437022 0.311336171847171 0.0282609681876395 0.757740780064343 0.0677132007735716 0.826433056984388 0.338020728805316 0.909485703614658
0.430240515683252 0.57217977823413 0.043747303688988 0.968525210948435 0.522052218632412 0.897646171292755 0.0475760434347407 0.907532287188911 0.37047417509809 0.797214716663767 0.302320555510317 0.893618609264809
0.862776485196796 0.981387821662371 0.372467754796363 0.461406987811215 0.898619767140945 0.0412726641498951 0.594455902701681 0.503601900680028 0.960108436360306 0.551962501334068 0.852661704611502 0.650425701901593
0.330623097438079 0.512242339846408 0.654770451057909 0.247509251365059 0.993784110076541 0.284435953651356 0.882994207388293 1 0.510539150848471 0.563234459923216 0.766589721025959 0.0871284042651912
0.445509138345098 0.713509740125674 1 0.414900370255572 0.403582105685254 1 0.288028524133819 0.452744807547491 0.964670397917079 0.405153453509105 0.364981003784469 0.800307795723806
0.305586065382768 0.114569092134016 0.796174051820529 0.509197892536088 0.115776027302705 0.417725847387935 0.585771167105489 0.876135152649719 0.224688522499744 0.918567129159031 0.823446769329865 0.832865976002169
0.553220203502256 0.315760706620917 0.515307563473256 0.916480335344891 0.741276132591958 0.205244884459785 0.612421979112594 0.52086355462195 0.553513708405865 0.186804529325408 0.859195579679057 0.525110116659199
0.530166174504105 0.538980067067802 0.545736857429144 0.969588680240287 0.0152070549639942 0.0194777568317985 0.136823640587839 0.21368463057469 0.423063273018256 0.704374126864633 0.927056991654582 0.0718802948468486
0.433560795378269 0.963933997142121 0.609079682204691 0.334070069785692 0.948681178782178 0.261440066650613 0.944287695445779 0.882172306482419 0.645337140779237 0.750376520531897 0.751194987467552 0.770445338285186
0.193579232934637 0.299885632874977 0.129963374162547 1 0.685728201495021 0.843837359154913 0.256574493904206 0.585665776738912 0.352486364329279 0.172515254159257 0.610654458462521 0.415759638539192
0.491901772348662 0.444941699259018 0.183442462545177 0.178122924458718 0.900157708917771 0.0889318285801506 0.420931893702607 0.670618434227604 0.441549720480723 0.397682368128106 0.0289199090797087 0.334826222916601
0.590836573479404 0.0278693756043419 0.409063995370135 0.777886195853553 0.953801760909586 0.3318394103941 0.418369316605913 0.882989454876287 0.466163217519968 0.987904466930631 0.311747781104744 0.8130227974608
0.238337358573975 0.986838033403064 0.924935117677109 0.554929651992538 0.483773359009144 0.831214277643093 0.589769332508232 0.772046972323658 0.984573846532649 0.427584361398507 0.550950880908204 0.273044881037045
0.910139719449301 0.260799234958987 0.756580840031815 0.103242011471971 0.638938759470247 0.993974637109164 0.370361425145298 1 0.192770652232575 0.839833138407961 0.0167999729097026 0.246353178686556
1 1 0.934850237821982 0.738080569007796 0.694609226477795 0.534390332211276 0.497077397827064 0.770463762843587 0.153978360294222 0.0364996609581462 0.480061154580798 0.854414751904638
0.928442644489545 0.947093022252688 0.859192534637625 0.637738909389207 0.478283351771975 0.857524207387525 0.497305557980537 0.518700136596516 0.94648140769467 0.288899327645163 0.902386528767062 0.970671504115654
0.688228820177519 0.340767043996398 0.132509096962504 0.603475326937867 0.248240410528773 0.225230488677398 0.135581800387037 0.651199146968151 0.428190081168161 0.0450102707068852 0.244567896446916 0.443781701101887
0.467524656794635 0.685425242265669 0.478585146139579 0.360510675800131 0.442842060188107 0.326769128390073 0.855970496111306 0.821536011668148 0.436733401156429 0.625885499290715 0.823008708784724 0.28907115520456
0.0338370215916807 0.513749247629764 0.0865997399188829 0.0229345526320446 0.265680779962762 0.969892396943437 0.959955698059217 0.417494495563615 0.516627623667675 0.750182417150048 0.835191432319479 0.0474524990067206
0.304354281071448 0.0290140915524007 0.0012332287661767 0.476355657771756 0.725323352038735 0.564729777741082 0.933617873990788 0.622534458765686 0.000473023110646057 0.0569815607023759 0.592101221241989 0.283000959421256
0.893349077649483 0.229517911806286 0.444178621708108 0.177434615221507 0.742754429824998 0.143038385029023 0.725353346271561 0.939842270935317 0.546644766880528 0.604132720222379 0.113556117917831 0.931124577496322
0.147317079021114 0.43299439151334 0.23655415904144 0.184347169403486 0.0265933503842183 0.323119580782855 0.494035111130815 0.876551550007175 0.0881783559911997 0.0834203343069854 0.0549931770298385 0.403408704534931
0.366308560213347 0.195320618281282 0.285092377615377 0.73432075065116 0.707832135036089 0.511839314828459 0.254435231102334 0.952019328629683 0.70005492198897 0.0112532832033963 0.838976214336259 0.121852228477904
0.294397691961551 0.711366230639792 0.649709640763982 0.347605122619786 0.971511976141029 0.927606127342017 0.208958801639904 0.224562761208191 0.974987819857647 0.983141843210546 0.186653247528656 0.422077607821976
0.422054074116677 0.188383061323577 0.0158726140524508 0.560688447022977 0.589098401891865 0.580288095748788 0.805646329389666 0.73330713063449 0.925144903356912 0.960074858622111 0.843174762228063 0.107247150725244
0.479231294406594 0.264997250886746 0.427334701714406 0.358290973831308 0.0692277482952156 0.622069832589004 0.060001456201343 0.775637902229447 0.566870533547161 0.712487512387104 1 0.649303396740281
0.147372881664267 0.775550641827079 0.580455020114056 1 0.85981927333006 0.540889417739786 0.56982542822477 1 0.226717331626006 0.696080894732828 0.14952001141124 0.858328868208017
0.669296172118152 0.114782612568335 0.810134771046229 0.679426121267884 0.30014516038839 0.699502738265348 0.100294537027572 0.739072621061829 0.336009712333697 0.796172961180962 0.905323656799815 0.0916927468553325
0.579461402478334 0.874261628851982 0.442539179393829 0.16646080489945 0.556581479972707 0.616507139739523 0.410110703578612 0.840698997526223 0.34993741420427 0.0738822730845844 0.198740669670547 0.877160979265842
0.105117628450782 0.357056250158166 0.046756231780452 0.844302651072574 0.475942048062315 0.0138358343746963 0.87711768809986 0.00665863258253305 0.062193480071815 0.739646093607019 0.63434115219263 0.918611892226435
0.00819940629524102 0.758018408486539 0.00197610982700948 0.723010030058689 0.23580058841629 0.844359172264273 0.218740771879298 0.129219870774421 0.117017532462582 0.275351086021308 0.325281984607359 0.570637244474535
1 0.586388049805679 0.955034460393486 0.181017729441573 0.641147412692352 0.470836750315012 0.930097193074703 0.499292476345694 0.756038076680849 0.503344377076057 0.885061160960331 0.861439484514497
0.417325815121988 0.690429238088766 0.784039524038629 0.732777271687531 0.885546889939269 0.744056083968707 0.0590540120646276 0.977544455372858 0.0717583655136164 0.825684912301447 0.735667248409779 0.00246900609940568
0.823290006633343 0.0483889944111933 0.248465592737521 0.883639363307774 0.840088872959475 0.356073248936037 0.024178566012523 0.172033260217559 0.70522300411983 0.413884257321973 0.547415149362563 0.421314439575351
0.00465576866624349 0.0972427176759086 0.881486555430724 0.339187642410555 0.772019786933186 0.298474173286828 0.931419516953748 0.71327898257789 0.375828316696761 0.0491325945389594 0.670545251140307 0.597127797449464
0.70822494030889 0.927049874805682 0.507718889761591 0.409381481378077 0.616517285990082 0.51542832422793 0.610431260932208 0.709239059385003 0.0352898613658988 0.489911061489444 1 0.791228138592456
0.529426785285495 0.953080129011492 0.549709845118145 0.513651043063015 0.77114956304844 0.445598776666874 0.300829783794305 0.549241250497926 0.659763880183432 0.402715348666051 0.433865873679062 0.505031666121462
0.566002405190846 0.487801068727209 0.951900027523128 0.948849866413673 0.785135882606964 0.792328207146624 0.489720724696161 0.490268382087048 0.509253375588058 0.504525450195112 0.331578780605225 0.244204486537892
