ADGRE2 ADGRE3 ADGRE5 CLEC17A DDX39A DNAJB1 GIPC1 NDUFB7 PKN1 PTGER1 TECR ZNF333
0.981213888080968 2.48377682506851e-05 0.308568525988661 0.868522273278739 0.00161959142800112 0.623526905085521 0.81215539245219 0.906179617108308 0.111398331118255 0.933041910651705 0.553957730613495 0.736044437770887
0.556203394321686 0.00686934657089022 0.0679420749024288 0.870874651054433 0.864978011000844 0.886522379917875 0.899697029694246 0.577878712710258 0.373452402597969 0.6618306960866 0.0105909383469334 0.512655467044493
0.403980312929071 0.00483585936447561 0.104984839339396 0.609405234933783 0.647764593739236 0.497246194208322 0.443158479087329 0.310618214684095 0.184035923726023 0.64189294179591 0.0553532849591917 0.136013610420802
0.0924910328514172 0.373193946034232 0.0464280036610162 0.429951483955715 0.780426452967179 0.542535582980103 0.468445077910936 0.343476453118219 0.699497690338119 0.369626359386923 0.245409664885487 0.278455520857126
1 0.316525362892805 0.0202891379582161 0.916319297673099 0.536273250753546 0.875321484749719 0.352957891357563 0.662677538094672 0.574999976265217 0.660968260571733 0.103473970825608 0.423761742916015
0.338127366193935 0.0168067484765789 0.00138040841665854 0.605061664094053 0.943726425942802 0.679999983033038 0.60902302685253 0.76541379844961 1 0.256536370529822 0.992106275172737 0.434208314199525
0.195666474662008 0.285523700725424 0.00659070946382512 0.506204266303412 0.189855263341659 0.179400349737839 0.428553751848795 0.624906226556644 0.851323402431274 0.427021344266531 0.251606254439182 0.491349046496084
0.895169508661005 0.267437560777949 0.0014238900481649 0.976505934959711 0.13370571914285 0.0851654122678215 0.70322864500118 0.624906226556644 0.922898741093899 0.267662658125989 0.0106278336781577 0.741588267169511
0.629278863006265 0.0364920759766649 0.433838391573312 0.894425636005983 0.191965542570038 0.706049007929532 0.726047958413911 0.765449042770791 1 0.413671557372955 0.932046130161165 0.171747271527541
0.801777273880358 0.0282819073967756 0.000113315381876977 0.998611764725143 0.174036859354661 0.782508879310985 0.689829568939651 0.402919082836693 0.445548068600246 0.247236413711458 0.285767523760002 0.446431970315691
0.730324127757071 0.0197781248642804 0.0214563822916052 0.354649232401615 0.7129807471923 0.708066340486653 0.707270308476763 0.859234181341311 0.869657530565551 0.548580443335914 0.0886600213366538 0.666695335879329
1 0.0995993917812985 0.045181278494983 0.188214514828991 0.387762121565844 0.314224671947716 0.806013050715295 0.542646192590412 0.335448260023213 0.435152575535546 0.441783877259774 0.854917338960781
0.908887153818022 0.932600884761611 0.637736823065194 0.557874059317177 0.174131806344117 0.946059015632769 0.171306830232526 0.921796767411837 0.795397016571838 0.038836374599134 0.249523617258579 1
0.720768768709614 0.726790544724206 0.0108892618790039 0.088747039113396 0.795957289424763 0.496449749765175 0.671233229609961 0.5 0.712807680132304 0.852090107014522 0.333639407738157 0.683321080523577
0.910118911247073 0.0284189741128552 0.103464956144314 0.84747821176403 0.62592512066052 0.32890813674919 0.96297347911533 0.0779941944271061 0.85087352713168 0.839501631675724 0.0821502242937208 0.926821567056486
0.326280790429321 0.525936429805724 0.757377629253474 0.862842039988786 0.860942846301044 0.268443309805839 0.257089632159571 0.682087971925462 0.572803212024978 0.918091424555784 0.671341582168062 1
0.474869340632505 1.88058093638643e-05 0.0303335743635587 0.035397151208169 0.636958211546348 0.0877335475758185 0.126772961068028 0.374812429652283 0.440677435522374 0.541123233014495 0.533171997928246 0.351623894592386
0.162211358451099 0.439618102001338 0.00807864321977492 0.315336758445398 0.542441619743596 0.787100776922353 0.633909896818836 0.906132607018243 0.374777032103456 0.548366044482671 0.299504757849926 0.865799127493741
0.242598521654452 0.112083172149466 0.250479195138636 0.471968526903995 0.925042017636009 0.97088555015122 0.666472438052256 0.140371015612799 0.549600717044641 0.929431288306455 0.734181936076194 0.296859908240618
0.104775725904646 0.762966588463755 0.0963172882719295 0.422728288039923 0.0285939415820666 0.60693617477877 0.562437992404517 0.179367086954308 0.0538755462435947 0.398572736718384 0.63523095756122 0.611481120113466
0.343200547176531 0.507687891591245 8.3396171065897e-05 0.958366514937319 0.598351570413182 0.721331177085327 0.900466040751047 0.390347513606897 0.418321309629745 0.877727455928072 0.216968310289074 0.913323270203997
0.515199096785945 0.156967553719852 0.017975956688172 0.342289690300977 0.707680843683124 0.0720967839221807 0.0467226914810231 0.624718468433263 0.35804088826152 0.0606435005553658 0.291086763711841 0.75236270972171
1 0.0191627581371971 0.292449789265066 0.732441999159025 0.697645561464309 0.911066959245748 0.627781527479097 1 0.816273958704602 0.280677298161097 0.0355179924373287 0.325229023993371
0.533959784506535 0.000997826025578519 0.0161918209004419 0.836131164453324 0.957977937421855 0.828836083134075 0.58861430241453 0.560018656235408 1 0.850126313405542 0.132975354045278 0.605586479349495
0.0903620068446493 0.000497456976336741 0.371592058139995 0.126555401792829 0.752007646563977 0.693103972225132 0.540183371421194 0.375520146203656 0.657910444878991 0.503979882454246 0.176764480047676 0.848739135815392
0.586465072728283 3.02138009669502e-07 0.00523870497126711 0.0836602813034439 0.72634742647671 0.57629157773173 0.0293289434115942 0.374812429652283 0.528972296775067 0.306099771958352 0.0153290716647728 0.765909618277859
0.62484197777423 0.616711878217409 0.0172937915537403 0.331262948583916 0.499139698599997 0.347649290715336 0.846343695498214 0.430772124127359 0.202051192462947 0.574238595297656 0.169748148031465 0.457427268709474
0.256706372724651 0.021986007277265 0.000434022747192842 0.675295907313068 0.296835077328905 0.639963663989816 0.40770603826592 0.311164710713519 0.29905521452918 0.822611641447977 0.587606447397938 0.151295113665352
0.266757282936345 0.557988465826534 0.0101241656495464 0.680908998009939 0.696653414373765 0.629534468964287 0.895521571698654 0.291344470958421 0.588748423282331 0.782797056396167 0.0509401010749594 0.839282615603101
0.776315683906242 0.303518111297695 0.430215600112369 0.0776228358311131 0.75922103252566 0.111989231383432 0.23241286473523 0.45283182600325 0.613383404767566 0.536128761136036 0.769555766237184 0.452184333228167
0.932392269196937 0.216311917012882 0.0219927145080094 0.844685307942358 0.174442434847894 0.610657037417778 0.648943358786712 0.403774322250183 0.787981434309657 0.970651726934962 0.586316308185334 0.726201695522859
0.0462675700466246 0.664992665062061 0.229834258129921 0.760842475888685 0.287178506093833 0.534665061982674 0.47296981065602 0.749937484371096 1 0.695803672178484 0.437820632589244 0.714807515240322
1 0.379358203160808 0.134754981062604 0.4451888540213 0.935367825378197 0.948653400641258 0.812561350074406 0.187343746119181 0.523370280508052 0.182659871615368 0.897332538926155 0.344725595984429
0.570287824748324 0.000134235446996978 0.00290080417641669 0.863144342970717 0.122310209518836 0.0282063000723588 0.224912449405565 0.530976347455842 1 0.471909538001526 0.126498620726661 0.802631259682333
0.160601716291665 0.101137239337287 0.0693295308467087 0.977964769267749 0.00211730918916265 0.126565574995455 0.74228897274199 0.94721281800299 0.777188446446326 0.556244985916273 0.00816793285312527 0.648954612125164
0.322012402010816 0.547168123509423 0.373088580057923 0.584111862951199 0.755810087034192 0.0217988114666469 0.423034169276399 0.218515537065434 0.370386752731597 0.442672661401174 0.260339332189077 0.558865833794813
0.452567561151047 0.064196732577838 0.588924485093699 0.546761723002981 0.685495544143286 0.141164952937126 0.351082128710409 0.943582133697573 0.511766993514468 0.716770010309242 0.370710687913348 0.073389715546857
0.68165007449847 0.264124945142614 0.563826035399733 0.772236414009114 0.640719607055021 0.842677771770821 0.365207276743954 0.437234226478453 0.802578661681281 0.17168078566905 0.0353542901455729 0.670416072616464
0.678141334324012 0.0299858799462771 0.316346333799902 0.954170780817279 0.968205367926198 0.686805061668828 0.321750584883256 0.124592794709024 0.0979830740219837 0.43046672836295 0.725815244319977 0.636164346499846
0.650422489008502 0.00100590378576071 0.193549866583762 0.883133729110741 0.400953604575943 0.175401244551683 0.255636953256281 0.593445007469369 0.879676424484254 0.114784531686177 0.00594891525955232 0.843947534976274
0.742797523192818 0.792631408851183 0.052041514311263 0.69185859865759 0.344778922884689 0.71844571216656 0.945230294017339 0.812406191365164 0.812852218827759 0.236886922680075 0.369669700477911 0.10923478783971
0.915069014421036 0.20949526022426 0.101780560212028 0.261160217499373 0.92510771678701 0.66185868898384 0.555227687422153 0.374812429652283 0.903886994291229 0.864443263642246 0.309557443166632 0.750327076779519
0.502875709979094 0.00791272735030224 0.0206324246640104 0.24835019791159 0.413989255152039 0.0010824090924918 0.902196953602329 0.312343722658206 0.495241000757893 0.873709600092719 0.0486735890530228 0.818598602925935
0.812240610343355 0.424254616867644 0.162677792527961 0.755551678563693 0.164089143855643 0.366088306927568 0.337263283699083 0.547124185133848 0.701495109145563 0.67360226366728 1 0.314229822135973
0.215403362908621 0.246291628223447 0.109392238995982 0.447577555902545 0.666143328742911 0.910384785700532 0.506713283598056 0.812406191365164 0.346354587940673 0.862719622104033 0.279602388389792 0.0659744383558929
0.914991749650397 0.000209489708679733 0.00060403595983638 0.966371017340815 0.805464964536567 0.709604318119678 0.644120451802412 0.134252832813545 0.312403716491918 0.322883114714549 0.182717569411955 0.290483734996582
0.518213333852392 0.0404109276329688 0.253371063005443 0.431546539360648 0.286635239811049 0.803056930150641 0.311886018252558 0.390347513606897 0.837681664858115 0.596693118017537 0.512173160087304 0.149029475582665
0.469885867331367 0.0103504819984629 0.0201116096800653 0.281773700081869 0.467018019676433 0.311928359023485 0.451301010468066 0.601989822956156 0.0987162793930606 0.912513571741406 0.0961683760237331 0.631195676078592
0.691278954514087 8.43073504198655e-05 0.0568283167808702 0.318240849137264 0.46358434287291 0.290656620194756 0.863144342970699 0.124906226556644 0.541428306868915 0.653535852656671 0.323455484531261 0.849751177932612
0.684841808406192 0.291345693352832 0.0123999017705736 0.448458291865116 0.540756069451644 0.705741265723072 0.971861679062841 0.687327999892469 0.902805054750832 0.197965068323587 0.352138903686195 0.655887516314312
0.928178306937081 0.164907297109365 0.10632558642155 0.240069315469849 0.376375062087418 0.497937742008831 0.114863988486016 0.671499395377743 0.802198839430199 0.765725343921703 0.303528312054615 0.337688723332138
0.664981649860176 0.00113722990621312 0.0645041898093014 0.423862445772888 0.294866929642051 0.048932781925114 0.798420815689761 0.413651977194645 0.627473121696998 0.94043274232838 0.578041613723425 0.196057868841086
0.45643856306213 0.0787727277522629 0.0570149533387287 0.347650848661795 0.304669938643082 0.726780228670588 0.955988629120977 0.687327999892469 0.769061097532733 0.381691787577503 0.134894899057325 0.70592018863788
0.679451231195683 0.0227213516116525 0.0972474676652011 0.897255267872015 0.844688556103198 0.299936734481629 0.707328247206391 0.5 0.442843781345597 0.163266628515293 0.300479478903697 0.747436257970288
1 0.105627407817421 0.056712523603233 0.767416041806585 1 0.577983297462596 0.629382341607701 0.672441909907312 0.504903803134961 0.718667412904088 0.239832046777073 0.312006262869174
0.742331718351004 0.206184929361404 0.000302285305297634 0.687987294256482 0.0175588329558364 0.238851611845673 0.813090114990766 0.749937484371034 0.802073105601233 0.530079897612083 0.00592970210231319 0.443199945472914
0.281172335266151 0.000362598024372995 0.83117920220583 0.847537683373251 1 0.52457975914126 0.684656150710016 0.124906226556644 0.456001982414382 0.698935357381327 0.262560504158388 1
0.43560723204789 0.261920572996236 0.409168977414039 0.540647267236289 0.150057154287888 0.774126438108885 0.545473401640704 0.812406191365219 0.804790831915997 0.910562570567746 0.00237831717714163 0.358917903112198
0.45507208498963 1.60068001944236e-05 0.187923527946782 0.675134423884923 0.485813961780547 0.961470725451945 0.789464776273516 0.568411305031844 0.0310909321781773 0.750120785593197 3.05039302581633e-05 1
0.705946427290599 0.100421115195034 0.117185697680452 0.252682612252697 0.702574369703223 0.55334949432621 0.458176392897778 0.249937484371034 0.394331853484157 0.68682239262523 0.0803480968405308 0.845955282106921
0.775995568776009 0.374109330469336 0.46647443089583 0.718334111393848 0.810097846885607 0.299605120607804 0.822809801369989 0.675198175668349 0.619420454746971 0.808487235096657 0.695235112398037 0.285609778221806
0.872975329472101 0.166237960233256 0.261605972528627 0.547700725415296 0.565192560610082 0.879465076647329 0.791203374445897 0.765449042770791 0.497930115111647 0.925100761448638 0.56996921406191 1
0.65954484903725 0.0308588371448336 0.0553548452646326 0.681164184921045 0.961470725451895 0.367334580667808 0.0624062382871189 0.749937484371096 0.871499349094817 0.492408564963714 0.165997517027815 0.595981289607869
0.270700801923639 0.0031794206370781 0.355873706679532 0.280428086039617 0.169569101056269 0.63925011444725 0.577516944000737 0.804491918529596 0.514378036104011 0.11881076912194 0.724430568999312 0.17344361756535
0.914788490843351 0.161729013204789 0.0195645252613018 0.197256615277849 0.611383660460599 0.548345469841134 0.315354639420692 0.648144193888538 1 0.14563750761563 0.314690399875293 0.78170032269052
0.852490407642037 0.0272481636038324 0.000129472550426168 0.681643356872483 0.839351728338847 0.977004349803651 0.480009352759367 0.59836061317683 0.821199571506257 0.883390176188876 0.272689607183674 0.445735027486009
0.214727375250063 0.026181640378552 3.24550607287977e-05 0.917916113389695 0.610378828270605 0.507264768983938 0.963104846698237 0.370710687913348 0.877123640334333 0.0348314738018021 0.0117030206800727 1
0.799201225090266 0.486275664197041 0.37265412638479 0.465258336346961 0.0510972726282377 0.119676212843889 0.550746232246634 0.648144193888538 1 0.0874068501996886 0.566731472683566 0.520777295376349
0.461228741882045 0.00204781312255642 0.290038936092812 0.655339133646771 0.503244173255718 0.0280285506677616 0.461531514695748 0.624906226556644 0.721119648597583 0.635661110548566 0.0113960865339078 0.0278856042275785
0.683720756377769 0.000903179078213654 0.00029342838525992 0.416070954214332 0.823998638159143 0.93423950104866 0.0214972938967299 0.707840895809573 0.0117652953706591 0.202169484884287 0.0267754909540527 0.531608925780932
0.141745510983546 0.0982642768115076 0.228506248631753 0.284172298882474 0.934060635531697 0.728119155337427 0.354983962359189 0.249937484371034 0.907845453929005 0.92457047468146 0.0221087167170555 0.913583358118038
0.782613238205914 0.715679537788229 0.274771497726042 0.929617090670646 0.105406831213112 0.657782483366438 0.235040825261616 0.5 0.363136846841888 0.800891661739451 0.292161652837939 0.801907132419473
0.0326332544979927 0.0101869914882694 0.107780289742295 0.428604970174007 0.644089574376422 0.90725606387891 0.0871396373092851 0.156078111346718 0.213234634319053 0.695649162032687 0.0394699384012937 0.671953801348923
0.304194340673164 0.255699657576202 0.610447724046098 0.341341768292359 0.863144342970717 0.831387867280385 0.985945812458308 0.37484371092774 0.418428633666923 0.941332879386369 0.041813778513011 0.406096073358467
0.410630363743319 0.0366846353640702 0.211145648282415 0.778950603908388 0.146423875535137 0.238299766176158 0.580395481896563 0.0155664355835278 0.797959705829258 0.938384080769493 0.0231218854746099 0.27243924383683
0.709793945843295 0.0161906818092962 0.0320468706377806 0.932046108466884 0.775931912236511 0.962540983078279 0.816418251360128 0.92809673099071 0.760697241945854 0.496843361530325 0.106578462251395 0.604791797528915
0.692815750057835 0.00332767122274624 0.0542391462734981 0.252958199723879 0.718532264151799 0.80744059352583 0.26692848289957 0.624812382730439 0.182891413446248 0.664793718795362 0.135706299457447 0.713488926056258
0.892465019163479 0.224300057433922 0.00391775079043644 0.876799046711389 0.553585494567565 0.247892819949186 0.647239526762449 0.882695151117742 0.399841710644536 0.993051826369829 0.0765263582356444 0.178175967633566
0.269876071604592 0.233016009222429 0.108088783856789 0.648171125404314 0.88703748141058 0.943504574349821 0.713789933584689 0.5 0.584334719407754 0.0655988123093527 0.0704642814851104 1
1 0.114294506349816 0.162212271636106 0.685531810453751 0.47097393909537 0.392497853669456 0.414515444243036 0.747747559309033 0.716304995595974 0.343347983864437 0.00138023583372232 0.493765030099692
1 0.142412511556535 0.186061399544137 0.443049008458402 0.532699819660505 0.626451191660769 0.35904484143911 0.897281044272455 0.646014790175952 0.0339012650624155 0.000209111745753998 0.090744790389844
0.102281460944981 0.740845793477858 0.721463952612896 0.471748751687729 0.457005662983296 0.746802736435975 0.359478418066542 0.499648120791823 0.429815114462685 0.609101318129764 0.0732857334589507 0.847565442667489
0.439250702422967 0.00147623886369364 0.662884162529791 0.698121291023245 0.117836148643856 0.062867100519915 0.708984422946969 0.921796767411829 0.749192063035991 0.662975175356805 0.1402970861403 0.949238255324259
0.455513750235306 0.000559988526044441 2.07324146682077e-08 0.0666010323448242 0.806057460486761 0.380715149071009 0.636671751944182 0.577878712710258 0.128353886909082 0.693407687193885 0.0310446096458458 0.216750263475482
0.497149016588077 0.415866120794623 0.0825158981407069 0.500745252679714 0.388906279210913 0.808997661768609 0.898852190067528 0.518821102546088 0.265196876074924 0.61043759638675 0.482952862134046 0.738166886638915
0.585730197554807 0.0759802195877403 0.000311609060705154 0.143461107875851 0.575709666034625 0.496680592146035 0.996416262307134 0.335523149284358 0.58326522830573 0.38964937947848 0.245633453837121 0.519585588000317
0.459210102019651 0.000971631029691444 0.000601327931650464 0.823984380762708 0.222784962662775 0.883615426788208 0.891314230946559 0.765349152952582 0.366962819644793 0.893412006567365 0.0421070842484167 0.693933115149246
0.168296540548524 0.011780612140865 0.0532893316816712 0.272423119195355 0.582038308470805 0.819459016882474 0.571909361107034 0.76542946259236 0.181237104447562 0.985703019134462 0.423960143688765 0.656839029242893
0.520681727622355 0.00060643068505184 0.060201462010826 0.790177096647151 0.712018197958228 0.726288685941439 0.675311254282306 0.845453908857937 0.13610027940636 0.140840166362914 0.295038610307211 0.561148225384341
0.976379851469506 0.049768731734016 0.582834141988204 0.651468455008945 0.835704139253746 0.541280995559402 0.893570612055428 0.657775129753908 0.671015337871243 0.176922556508322 0.0268520308154172 0.589964125467723
0.677067188512192 0.000177045994412817 0.0283102062871381 0.307435299436965 0.702119000121779 0.582511395943598 0.918104735534426 0.159863259475557 0.794947982912032 0.300351274798102 0.0228700342569681 0.520995693122458
0.87100037959294 0.00342655869335939 0.228098126066931 0.873609805004096 0.898982298129932 0.311038364342538 0.724231794813828 0.859269425662462 0.81085501612475 0.111495789056758 0.578849937862896 0.625283223131186
0.846564198382864 0.856031739474243 0.0241169450939305 0.390056899628247 0.637473315230941 0.876799046711389 0.72480969018479 0.249937484371034 0.855282131720888 0.880102755504559 0.699562520337156 0.34349494098902
0.413944771928568 0.141260781097101 0.013302790131363 0.802448149080642 0.758641615867355 0.877725341090107 0.270612833417034 0.606454268038896 0.786772242529861 0.600622530957417 0.121833917831002 0.774385046009255
0.806814007154537 0.87181247785782 0.106838602144267 0.88067103038652 0.970219906673082 0.327591235198647 0.813796030433867 0.941332879386402 0.839616456426237 0.204816334487344 0.798184409274524 0.373171175967434
0.504757886270951 0.087659954571344 0.0698900442161754 0.844371733590125 0.726635433378997 0.125094593396911 0.196948174278402 0.156109392622122 0.824516815854746 0.257446531924768 0.0142329299158616 0.878136121643939
0.871165412179232 0.179534273297147 0.183269709986916 0.967032357626469 0.669405818599624 0.802301332594116 0.588679204339179 0.615029193027851 1 0.590526919595487 0.667093185472523 0.341532081026081
0.799721604993622 0.0341586279977199 0.149482815581204 0.323398769087683 0.564500951592898 0.671484714678852 0.939336076862964 0.109062451299148 0.189546686127137 0.783848595460162 0.694850640367323 0.0743278616630163
1 0.0389089496316854 0.564718663290728 0.783220546524315 0.337552633154871 0.667777958721747 0.033292332217907 0.897332538926204 0.847525126098786 0.967721911826478 0.822799635321999 0.784596725041133
0.552371919517864 0.164697902204988 0.11527630319537 0.427003024388829 0.629391968474331 0.623663252693405 0.382337160713122 0.2184530449855 0.32130056527267 0.203819776129024 0.487565613302969 0.883215820984263
