ADGRE2 ADGRE3 ADGRE5 CLEC17A DDX39A DNAJB1 GIPC1 NDUFB7 PKN1 PTGER1 TECR ZNF333
1 0.0696292232548494 0.0832462099944072 0.473930836940053 1 0.718184583759657 0.747184879609907 1 1 0.131275172216392 1 0.783041962672467
0.882435397762462 0.102336861182308 0.0971065221033313 0.649324128301398 1 1 0.861691778877662 1 0.9185560599043 1 0.0764593545417094 0.750496807769946
1 0.764369525847532 0.850583917907609 0.339786628399091 0.773348985295964 1 1 0.790941234871245 0.684682267566021 0.814624270332292 0.076623280233726 0.691323197348251
0.423409166879805 1 0.656821761800185 0.0875344281861508 0.542583767166838 0.341258855327727 1 1 0.694615001441783 0.0883869948533516 0.656821761800185 0.306602748899533
1 0.309750680033652 0.0644984915072999 0.996423794204158 1 0.942813656556995 0.401283060344708 1 1 0.78151697546683 1 0.577476985288509
0.656821761800185 1 0.249750089092404 0.690871436619068 0.589161463205861 0.782905726652887 1 1 0.798345541242117 0.21484137860391 0.920532504143556 0.0928686274629654
0.740933032844503 0.343773641348144 0.290551446377659 0.412959517576443 0.0341910913830967 1 0.549119355276761 1 0.755940251152222 0.540975705794008 1 0.447190698071794
0.811695769614789 0.774235115995623 1 0.99262874540746 0.558761297439454 1 0.656821761800185 1 0.509243732946151 0.373261566684478 1 0.655501950037645
0.773931419360209 0.341155575861755 0.855659920154477 1 0.712212155750939 0.589120001886665 0.512189650203078 0.656821761800185 0.729943146903632 1 1 0.263310623667717
1 0.240064294632556 0.0181445194074197 0.684388010182125 0.125623702191212 0.626491680323959 0.19817436796956 0.261231487800989 0.8372649059933 0.902355057290879 1 0.859580136097149
1 1 0.455244217190807 0.341258855327727 0.781609703257975 0.706299753289012 1 1 1 0.846203420633066 1 0.840624536431225
0.800975372477915 1 0.417226382159798 1 0.282400374410044 0.385117144415306 1 1 0.36571686213375 0.603958552802554 1 1
0.755818635485629 0.6521020667856 0.822458603258989 1 1 1 1 1 0.796302717623866 1 0.218046945220514 0.793208691620256
0.476619950000127 0.708340527369131 0.142471706547889 0.21484137860391 0.397256364379288 0.383396213575508 0.232303058085416 1 1 1 1 0.881579182443141
1 0.832646089510273 0.516862938827048 0.846613955490938 0.20154461556666 0.569925394945818 1 1 0.857073062154683 0.920389052227939 0.108953090793267 1
0.414644533984752 0.54225946227951 1 0.784911355388343 0.731112438176925 0.567482529459817 0.699209235225904 0.309936749573592 0.404172001296772 0.656821761800185 1 0.587333116276237
0.302926798064422 0.00145677692409374 0.100757487239366 0.183647524542446 0.32828043575462 0.596229408811909 0.612676174755111 1 1 0.694192523436192 1 0.341258855327727
0.595272832073927 0.789681962838072 1 0.310779410464527 0.753823111055737 1 0.423312201932524 1 0.200844877879237 1 0.214253549369249 0.390325346285942
0.48356740742699 0.481640360194171 0.574223592866417 1 0.655338143239311 0.573364515370775 0.602617268169153 0.181375450542549 0.0733476968941846 1 0.706299753289012 0.385982288925743
0.185086791986493 0.271548272349611 1 0.804681140502668 1 0.756137666992716 0.458917396227432 1 0.334168380832234 0.656821761800185 1 1
0.380290932815458 0.299211225514456 0.134532607328826 0.831928968162726 1 0.823966020261606 0.72423688879218 1 0.523809760711412 0.606488638754147 0.264933994078003 0.786298755898278
0.706997854176942 0.134233962761258 0.678384597311969 1 0.36085309515337 1 1 1 0.274481377940613 0.341258855327727 1 0.695531668152651
0.533852306280873 0.27553857363043 0.922921864297448 1 0.332693233682539 0.707507360010813 1 1 0.43205608098375 1 0.0765716736338793 0.627221462539153
1 0.183319578877538 0.0929384130204155 0.611579695373771 0.284733565334327 1 0.542813587505764 0.530053764249055 1 1 0.776094423793479 0.700264569697849
1 0.0919876976714619 0.274423757408816 1 1 0.21484137860391 0.695961902878279 0.747031882588047 0.615095950108297 0.186330148861706 0.656821761800185 0.700477829063736
0.529747418477394 0.0192318799835354 0.400363554779222 0.706299753289012 1 0.286129224434798 1 1 0.385281307427047 0.155577817717931 1 0.778277553706056
0.44861468612144 1 0.0466139076191026 1 0.83383268956752 0.770800364408058 0.813663266955657 0.923322814454327 0.0510314289018596 0.422298767459962 0.172223426279903 0.484117846269317
0.721216412954757 0.848986446147354 1 0.400295444932208 0.656335236253575 0.224664535191996 1 0.341258855327727 1 0.803052030055501 0.154092116063319 0.271864047678194
0.452094914406295 0.892177608829988 0.0610710022416238 0.0483768598796399 0.626756579672613 0.806447717657998 1 0.304987510555744 0.667914586411499 1 1 0.258610741891765
1 0.646629407007615 1 1 0.3913829750151 0.349143306088447 1 1 1 0.367884312378909 0.590777814452344 0.725083148513699
0.511722411211719 0.311335019736314 0.0236386340094575 0.44381291668213 1 0.785623716705354 0.830119226046582 0.0837797435765776 0.55740358285266 0.672964131312331 0.667799773515701 0.674274188236899
0.784901224849159 0.897139548256307 0.17447055392938 1 1 0.772702681847912 0.321412487882411 1 0.385117144415306 0.38433377473685 0.440747348081922 0.0828228147801485
0.277082582719878 0.703191445951506 0.244265029149349 0.215435570173321 0.0929283032190426 1 0.799209702707096 1 0.802182949758028 0.703482977037645 1 0.874208091722294
0.505155540862525 0.00514738542582172 0.000861522091198164 1 0.306166417069662 0.140360955240001 0.0919176370455202 0.85477684675295 0.88638195132546 0.25996673431366 1 0.835608518008611
0.538093336899331 0.0307610213612127 0.320405713654747 0.778555965536723 0.0083103395362627 0.481643608523413 1 1 0.531669972665796 1 1 0.151443106401006
0.885452519226282 0.752398894468741 0.587723795096744 1 0.633453941696324 1 0.316372484463533 1 0.791290577031853 1 1 0.82862941323067
0.406083212865494 0.151259351162041 0.671935313606721 0.385117144415306 0.556729839111148 1 1 1 0.496610017287513 0.21484137860391 1 0.774762668581415
1 0.463354628941989 0.415639370599958 0.706299753289012 1 1 1 0.385117144415306 0.568774645329443 0.802187993097206 0.781726591227245 0.361532437775906
1 0.1649981811954 0.52163432904087 0.652926032621564 1 0.341258855327727 1 1 0.157289163409421 1 0.807196800811427 0.289933121551184
0.829352095526487 0.0757256541703888 1 1 0.781317720280275 0.603203169730982 1 0.607308276843231 0.60928991704148 1 1 0.789363256636166
0.728136500504462 0.628381152290903 1 1 1 0.225396973806181 1 1 0.878281399671253 0.707580125400566 0.750552621354424 0.817872397427486
0.739074294522105 1 0.698251304405224 0.266695090336221 0.18764791129215 0.513514669068996 0.720937874618771 1 1 0.635132544518492 1 0.538614864521024
1 0.161195236870143 0.127902649253053 0.292923496065859 0.287481623763205 0.140360955240001 0.59200740422108 1 0.381970167645983 0.767338564229099 1 0.728437441911151
1 0.429764377648786 0.827623279880631 0.202959681348362 0.516466675482914 0.67329218721185 0.749238590050345 0.603951461787231 0.712273559703735 0.166185950544937 1 0.290823498804528
0.259282387422092 0.642040991286915 0.186827176201966 1 0.589624660628213 0.864162273697639 0.759689593180598 1 0.0994060570912727 1 0.213794366485001 1
1 0.762529779081552 0.183230132088944 0.54225946227951 0.928642690414142 1 1 0.131957215589557 0.171219431098098 1 1 0.431762648571439
0.613330010071392 0.0752000830975605 0.31086731809796 0.435646404379714 0.591158247017769 0.39376386144067 0.835273349361916 1 0.578039142862974 0.190271922489837 1 0.656821761800185
0.531475579050287 0.0464692684691913 0.516667484703131 0.906434236724866 0.862314265456955 1 0.462282660205249 0.753916237312315 0.423312201932524 0.836582231389506 1 0.447415235542565
0.351125544663011 0.0121715221015336 0.118439945420136 0.483517981006866 0.1947455682391 1 1 1 0.40015058608726 1 1 0.462779107381671
1 0.245886071186032 0.514319417006734 0.695437683505324 0.377965049481532 0.684388010182125 0.322557116317146 1 0.379789384809658 1 0.771412650946638 0.122281186636996
0.664627365309472 0.0483157414936507 0.375513628442323 1 0.690151585587795 0.140360955240001 0.583373872476018 1 0.357007473369862 0.565424588040572 0.877038681507414 0.248107370376438
0.777306349971968 0.16164890602741 0.741349866104719 0.5138166548954 0.546432955332811 0.0373259658183641 1 1 1 1 0.449194580313745 0.455975428064099
0.343404523149232 1 0.585415242223177 0.0995380946044684 0.242884185360684 0.100994481832632 1 1 1 0.196779258548539 1 1
0.189286754878499 0.219681941639427 0.631385232254184 0.423312201932524 0.688883839332717 1 1 1 0.568837910404132 1 1 1
0.251452394163714 0.124626895429429 0.385999760738254 0.53317895382357 0.64357866695403 0.751046840361525 1 0.856578910539823 0.781953199146706 0.163303690212693 1 0.885489122128614
1 0.486656046390012 0.0148207342115316 0.517564117812801 1 1 0.624837420071724 1 0.337891623905243 1 1 1
0.646323221230471 0.0248995946286936 0.906829814019954 0.823921497229668 1 1 0.37583174920763 1 0.84664057617629 0.257402884156171 1 0.82331862709549
0.54168599667435 0.457155526655613 0.656821761800185 0.183941078423906 1 1 0.161683672357435 1 1 0.423312201932524 0.0747842911655024 0.792962221612078
0.673186050328642 0.0369962455347437 0.81044972328627 1 0.582291280532936 0.952976849164993 1 0.675481666859766 0.422500996906005 0.793879964030151 0.0541588156390727 0.810483231908871
0.303822390326586 0.0797938145055275 0.832656878968354 0.526445228207589 0.365421536985716 1 1 1 1 1 0.385117144415306 0.676370557303432
0.560362361746589 0.918627733199383 0.673759723084783 0.585375566553761 0.761286733596636 0.299211225514456 0.341258855327727 0.767002506450764 0.664859363393505 0.920752744532859 1 0.32942986643463
1 0.280636442246777 0.308106242825801 0.684645554429745 0.366880415529709 1 0.443914758084756 0.656821761800185 0.592929594437947 1 1 0.287445070454714
0.615472405808067 0.566325876087521 0.150144504199147 0.225517478294122 0.92035514471495 0.385117144415306 1 1 0.603260199296521 0.818743461291787 0.21484137860391 0.475525639357887
0.777644578066501 0.284484629267799 0.596356250595669 0.552989564922915 0.213017944485586 1 0.547789313082675 0.656821761800185 0.82693273501221 1 1 0.59555979080684
1 0.529859535285044 0.149662530907911 1 0.524103424098596 1 1 1 0.869249141540199 0.302594843773833 0.459331349684452 0.731211658186595
0.0215325749908378 0.627714658802472 0.00308575654695931 1 0.708824095369631 0.927525419937451 0.17212938391625 0.766331862899042 0.705417467616762 0.431806682043059 0.121020461069213 0.341258855327727
0.0781268366015646 0.375211523574632 0.0822475884777096 0.456287564241569 0.861712549749681 0.341258855327727 0.627792979842791 1 0.737423920941251 0.431792889325944 1 0.1927708360452
0.535006889481297 0.816490966398277 0.643377671230586 1 0.181624548406224 1 0.21484137860391 0.923658066821082 0.706299753289012 0.211951993612747 0.628067185680308 1
0.524458714856042 0.536191364244385 1 0.521384582788495 0.788878429277014 1 0.341258855327727 1 0.550491661799722 0.484963850351148 1 0.665638172282653
0.470364903367649 1 0.00481781154357863 0.877505696006548 1 0.800014246776241 0.630426745634667 1 0.177667851354281 0.564395892266618 0.443372712542055 0.670651015731742
0.326786060177117 0.591169623461246 0.157536107883954 0.517503831418267 0.09935819368177 0.662184996272454 1 1 0.694657286220448 0.702102022397141 0.0384531924482115 0.739976384803141
0.660306115040281 0.429352410251198 0.873165420027552 1 1 1 0.264761429878338 1 0.555528220781524 0.722447178296701 1 0.906716128073854
0.71753629788302 0.0767942469561129 0.236253884822889 0.705406639192182 1 0.844634801895944 0.176885612545711 1 1 0.663369496094221 0.14005049840777 0.449601417816354
0.189721105846183 0.180296725789089 0.318505698000949 0.0382820163554327 1 0.733169866320333 0.463333616557146 1 0.377102321184735 1 0.037973063151913 0.230286875448084
0.761081339569908 0.420635754963396 0.281437559064928 1 0.574338919455988 0.763322364014471 0.728509256292176 1 0.305449711820808 1 1 0.178715261705694
0.54456833857027 0.214372542394195 1 1 0.829121111216528 0.706299753289012 0.457918649922088 1 0.746734171611963 0.34875641995975 1 0.592547207356563
0.716934570830801 0.0972561108122599 0.408215837662109 0.117266478163323 0.23108463293966 0.706299753289012 0.73304187506321 1 0.170864138778335 1 0.269485926487206 0.903064990074077
1 1 0.191880985799634 1 0.656821761800185 0.385117144415306 0.920339913459537 1 0.592079101407908 1 0.040434107793081 0.803852987702908
1 0.156905324650016 0.110524264092689 1 1 1 0.0833573124038916 1 0.656347749998274 0.0031173653987778 0.0228994161011468 0.853553403172148
0.469405790303133 0.237453840795784 0.359992223864856 0.423312201932524 0.551966346000922 1 1 0.770150531681312 0.30346533034499 1 0.0195744298239041 0.627446012471601
0.867410076501168 0.117302944083463 0.667284897126569 1 0.494296446259138 1 1 1 0.652818795181444 1 1 0.140360955240001
0.23244368408122 0.218606405684495 0.585001497479713 0.53195935463386 1 0.751508411532115 0.429729543571049 0.373279562233637 0.143919607154269 1 0.433265496960603 0.686358051618584
0.405815665651582 0.539003526487623 0.396498250831332 0.517867851803829 0.385117144415306 0.076623280233726 0.706299753289012 0.448026078755372 0.490510904043872 0.512138666907026 1 0.731840519384847
0.915162466740124 0.0190319314151941 0.0132092137033716 1 0.783287492565353 0.732264010535956 0.870232054378352 1 1 1 0.187517725324338 1
0.6765492010535 0.284540160477785 0.140360955240001 1 1 0.793623373486292 0.44236069183665 0.2297155299737 0.826420049152922 1 1 0.343173098159764
0.247131627551627 0.395389892775235 0.0473001387877321 0.089231948816509 1 1 1 0.341258855327727 0.619910838039375 1 0.656821761800185 0.85855951067332
0.760331395162441 0.210787997942683 0.0443271901203229 0.646283345182023 1 0.910455771410268 0.706299753289012 0.514380457371837 1 1 1 0.853539402393313
1 0.0642814351668949 0.324630820957505 0.856616604039453 0.69130571004335 0.801322248582614 0.336301324162138 0.920344363738644 0.827352420240379 0.659392463506576 0.439920194531855 0.618037233257335
1 0.13892714337186 0.402903129495691 0.821828719914667 0.359542785090445 1 1 0.666907537737548 1 1 1 0.112021079683087
0.163392504778615 0.244081416174493 0.111991582703788 0.755255281215036 0.698805043581708 0.815599106916675 0.656821761800185 0.707170156819768 0.382024052029439 0.656821761800185 1 0.140360955240001
0.503498836941986 0.0078044177501686 0.141226966674023 0.641328702419432 0.764585477274604 0.341258855327727 0.656821761800185 0.656821761800185 0.421902380373234 1 1 0.201970251622515
1 0.149207844226255 0.488676693349147 0.11604167772408 0.154244020594078 0.174937130321851 1 1 0.740500567056929 0.170697230714854 1 0.357324008630477
0.75569180802528 0.19152804005379 0.0777756006102864 1 1 1 1 1 0.773950620394845 1 0.774300645323213 0.588598664514215
0.156176994144427 1 0.339147047266456 1 1 0.261725226721748 0.861444268429418 0.885678990588553 0.633223068097717 1 1 1
0.385117144415306 0.588320441406726 0.059926588494353 0.741850042509948 0.603958552802554 0.341258855327727 0.841619378906413 1 0.67008810462751 1 0.626491680323959 0.218531614398815
0.438323242102614 0.228060286608023 1 0.327240938217612 0.12829377953822 1 0.428324140093559 1 0.61066746387809 0.385746990881833 0.921274072021339 0.725695881985904
0.796319549442794 0.289017500728166 0.393625640816888 0.773763044198556 0.409771345409018 0.755354675739043 0.625928522018347 0.393664198766194 0.562010038729551 0.341900888290316 0.611670993556543 0.0214426328231229
0.858611711346514 1 0.343570066437326 0.153750107384576 0.802036337811159 1 0.828941866083484 1 1 0.706299753289012 0.341258855327727 0.420866413852886
0.746010521625247 0.213352805401766 1 0.801761235585259 0.253268235658036 0.398012617369735 0.374366886422768 1 1 0.719427388012758 0.42275000281913 0.285420797547513
0.769923907926633 0.139890106247305 0.00610247783226392 0.995568644786426 0.347486374059655 0.858635777440423 0.120978989185844 1 0.842286091494669 1 1 1
