ADGRE2 ADGRE3 ADGRE5 CLEC17A DDX39A DNAJB1 GIPC1 NDUFB7 PKN1 PTGER1 TECR ZNF333
0.222733426310625 0.206131555870698 0.10046132211305 0.649666290073243 0.661797650350945 0.746526987825161 0.868963673550868 0.355223780878987 0.968718947315736 0.322060027323991 0.00165121558863145 0.720741123470988
0.515193909080796 0.458690731118618 0.00250618836285175 0.999999999999999 0.298045810367902 0.934504945912545 0.825495385419036 0.717479847427833 0.210970072741901 0.84198083365232 0.362340038599568 0.978162467580613
0.561018433591367 0.00864875163449159 0.691483355488957 0.384097511592527 0.0803133621465261 0.401637545501036 0.726141289260368 0.622777177402721 0.622369643326363 0.504404316694033 NA 0.126677741792349
0.450434831209641 0.0160317022262781 0.325203252369243 0.624422924465199 0.549350301955932 0.176957688820252 0.717877950351321 0.291190898295693 0.355356697530788 0.974556873341886 0.00592644128521599 0.366538319566574
0.195707995592257 0.846900756093544 0.970470296263546 0.313115115933044 0.477977343550232 0.493554471660987 0.495462288473753 0.449135016260001 0.61424370490248 0.0918765732747945 0.465516651835469 0.921601297489254
0.365721335539795 0.0221098133038799 0.576470320762754 0.462490081395276 0.249307863213523 0.749589428800281 0.570394550753528 0.902457885527537 0.231521241738049 0.116531498120569 0.00614845018179451 0.670256484259334
0.411052077070855 0.841819580426273 0.0469434061607451 0.2973969753394 0.30049700877671 0.283846624931173 0.115975644826565 0.502467891909269 0.489171778875381 0.62545731136298 0.397001258739785 0.989061103294226
0.832500968752207 0.12450225306124 0.0331981887234129 0.588949583082762 0.719608493267289 0.388355896450661 0.681733902314992 0.176470540587594 0.505073350108748 0.299831177613693 0.418799637759506 0.9036190709242
0.171170195746865 0.431214887254284 0.205656360295786 0.908095093240986 0.851817072809226 0.919672355802694 0.11102158723081 0.527779761345607 0.678458945057092 0.705870282094648 0.590624295610383 0.204768939678983
0.232476194182559 0.0828689873393493 0.692549986183164 0.793035279448527 0.0724396744124655 0.780858907350891 0.210838313021799 0.973215575187055 0.182124253576335 0.76463661218934 0.677332195646944 0.480847714787381
0.980293306950332 0.110448461641317 0.845869194926552 0.624919651953479 0.877226475568392 0.749256496258423 0.487098952263522 0.529688572714257 0.78166460189145 0.65924125438345 0.785912042413013 0.368462925528633
0.0764368100969948 0.603267189462839 0.0915793892574491 0.0653508307643604 0.591542430515767 0.761081082561476 0.74108221184677 0.492177620932126 0.801758580749796 0.398044186822275 0.771270951915271 0.641827484734157
0.368053016272399 0.0713364518270479 0.0254460782882359 0.40099554980532 0.195734522767256 0.219770679752815 0.193026325429049 0.253353742865373 0.521566394955876 0.214838252993186 0.817942356096207 0.284871981022916
0.454124775006293 0.863220418349668 0.365705947968743 0.879576746758902 0.0380106877556124 0.692896080458421 0.503890097792026 0.821411841003194 0.567161992663808 0.41017203289323 0.00957572183903581 0.408001266466926
0.492008394222365 0.244702199783465 0.373069950994678 0.151274888030764 0.627058197833304 0.915478699726576 0.742361469815806 0.823525966602128 0.989874071080531 0.217350420517692 0.145112703583707 0.56633846386074
0.232832783508668 0.818471742404352 0.301840726955707 0.757343615508391 0.321638892912618 0.783753636889843 0.261852273943388 NA 0.853229185827878 0.201503740743697 0.0408080755591889 0.99457507738831
0.0192549530280372 0.0378007979514248 0.470352642692433 0.981162330010429 0.253541598840193 0.872868330406804 0.658699059740818 NA 0.824632753067235 0.393917257194954 0.153233911224846 0.29076459633395
0.940571702975652 0.0113105064890446 0.00874675956963729 0.339214619131612 0.61455757259491 0.250159639405091 0.0163367389640038 NA 0.125748770613522 0.516244117208659 0.855711297583287 0.582222233631675
0.508476071474236 0.298717816557911 0.314482135591952 0.624739170528229 0.76387617331713 0.0922380451119137 0.0686575345574568 0.954999393916759 0.228343244933921 0.239334474885877 0.572655337951842 0.214137006003018
0.244908747378087 0.0303224330189691 0.00536842621809371 0.123725805015879 0.785875212616064 0.330836279416242 0.905229619114127 0.875967152549395 0.909348604299834 0.0372006895292182 0.492694445182364 0.845669399127265
0.968781640576851 0.296756810654738 0.0372624958430234 0.468642159156233 0.786012625062494 0.884966438123668 0.899986673929649 0.00811848708148112 0.273011231175142 0.575870979067564 0.657957274660475 0.57942981504971
0.430732628362997 0.0337950666634621 0.480476717058391 0.521023672347146 0.617137143012767 0.612176326435136 0.167735063195257 0.173503898924606 0.777151085094982 0.602563297509599 0.214148558182218 0.14454635741852
0.789771090237533 0.144086650909009 0.886108950214212 0.713747234406958 0.578877680954836 0.200079685556583 0.651919524795748 0.8529850473046 0.792081027434462 0.00812577455506756 0.174372955576405 0.573426054294043
0.997446835933213 0.0245878197369836 0.0279785657963801 0.0510678837663135 0.599232282768471 0.332744370007898 0.137515644633792 0.946930778983833 0.588622886573048 0.629814717701715 0.197908992153002 0.43990913617685
0.859699016144819 0.15457210202171 0.0107883062460055 0.282515789461494 0.501153886188474 0.480743674084085 0.645864582420301 0.287877715070592 0.77046507532068 0.713528215857826 0.844914564120147 0.209093981383431
0.795436714602259 0.535139676449121 0.204394573420501 0.762067354996594 0.413692521694767 0.502603517977674 0.893717145222358 NA 0.465542200251015 0.866184375612731 0.0678572267120929 0.794463157122065
0.899108718484028 0.125452858711417 0.422867464337654 0.478937794196076 0.553475169343938 0.901257736317628 0.893944119104908 NA 0.216827407367895 0.203056747069509 0.275650393574922 0.758990412900173
0.494092642181742 0.906708183793316 0.341580835146184 0.901672138278518 0.180465146197845 0.175552970353757 0.306015846828986 0.246537877847058 0.23854296223954 0.0362878687013626 0.0745413398306157 0.604819628576382
0.806675986567033 0.508205377355963 0.357805836130394 0.316087609433157 0.790153963679606 0.879434256387411 0.320819262120604 0.882559975728005 0.581613652387643 0.631536514605369 0.554000330428515 0.103081997112892
0.0129800634358272 0.0873475238225302 0.0742582211592587 1 0.987588247275154 0.273303562384051 0.570317942036738 0.794745331899362 0.054066963931716 0.246873950560729 0.499641639736063 0.637695704594381
0.405675235439096 0.0734822243270544 0.109810379093306 0.540198701963687 0.769579259692728 0.0330327347419847 0.401415699236408 0.679706543115043 0.582362423898843 0.118978809785403 0.525882567477841 0.059723994431495
0.894653965293203 0.868036119395975 0.0212154996926534 0.248228978849234 0.994094947346938 0.931615031999712 0.495262631475426 0.768036444127239 0.816009338621616 0.19674298512555 0.0348544981722372 0.730706024743977
0.176257479480008 0.018075402039937 0.00385464517641695 0.320057761603579 0.580699762334922 0.403397531241573 0.20134870492069 0.625930045082699 0.92880503157849 0.906300860060971 0.00687936868100536 0.168778579932127
0.0884913437460178 0.000339743328354095 0.019535243126298 0.757204732520225 0.0112750252830922 0.297788381281742 0.999999999999998 NA 0.380301382788389 0.830618166299092 0.109030250070227 0.567792870107738
0.612720723509874 0.0309911703855668 0.709546879268391 0.732851692719383 0.63936929017261 0.174947055184482 0.497645135380113 0.773799372189765 0.819459708971082 0.972325401093859 0.939709257755801 0.788350565566124
0.634220887579023 0.000326969470622076 0.214524067655309 0.736257002864112 0.0142869337291629 0.333417087811399 0.497723441846333 0.403685175368311 0.609644750011222 0.999999999999999 0.183656982133463 0.489423946010233
0.72997641386983 0.129758260735779 0.0279670532926673 0.679046038146073 0.198157487747783 0.846191076679577 0.772769364409156 0.87595297530508 0.987336130321953 0.908243061611628 0.163583682347904 0.720794799422828
0.89627779198732 0.0549970027413429 0.420973937635662 0.0785293813198579 0.0514382088533889 0.84563973980895 0.53010599922087 0.580717508064356 0.275927560131066 0.979266408642103 0.0109228501787325 0.855367100302537
0.287831183627565 0.0313355815029766 0.00143566227468363 0.0355431905361423 0.848254842040674 0.694977836325342 0.649651153970369 NA 0.113787920139307 0.544372299845426 0.538612049584127 0.708147485217283
0.297128870947325 0.560597389121788 0.445342516942101 0.159650156287308 0.368194033375453 0.901188640801023 0.750335543524616 1 0.226884131144604 0.376117806270913 0.482257330403573 0.683069440548147
0.741917937607223 0.544258273480171 0.00400548515092348 0.754478509465829 0.177288637313744 0.23598480538621 0.934000622062779 0.528006776933026 0.301235990215531 0.367973836857067 0.257838847360709 0.814994927023969
0.608443477339351 0.195138951856862 0.982100018630764 0.839140979098821 0.482823165754722 0.608590763728799 0.859911440071414 0.351791285577307 0.328043175532178 0.218354633725241 0.14687801050768 0.631149523359522
0.876317070768124 0.266178291799188 0.0642838026888966 0.239530589871301 0.474016913372229 0.943372819728928 0.610137500955965 0.643123532579339 0.231003228024174 0.707242548753623 0.76772768164195 0.422788539578907
0.59204322172865 0.323079496226006 0.102281396371989 0.359364792409995 0.178609603012356 0.436316858779491 0.347725063876041 NA 0.290165734417173 0.718647254498268 0.707772852084418 0.124988839851618
0.808609458524019 0.485018529959793 0.430531092334033 0.870143933197326 0.469982520736828 0.844656490862982 0.556211163055807 0.306985279113462 0.968036123779535 0.153364122135011 0.230339023479387 0.131862136683448
0.375839967605747 0.00207690983753234 0.502925542212345 0.394234455664843 0.0330061280000904 0.499094037355104 0.750759863691508 0.13049240616018 0.833035867700636 0.224205976592696 0.00569936573013832 0.88078114733786
0.762324881132978 0.624419100513498 0.00999122520035726 0.353638570074282 0.494399379564231 0.950481503944304 0.140430180470889 NA 0.313645370592895 0.826274370786637 0.916867412724521 0.89737609902796
0.451892831685781 0.330614969213153 0.073810698360735 0.13162366941146 0.145809144285353 0.372531480351898 0.154831294151339 NA 0.480741805621389 0.777388732663027 0.0243312136653147 0.375152667074024
0.15972160700567 0.556225612865144 0.00302619888858797 0.317308192305332 0.997547179661237 0.807501422689764 0.212506874891261 0.0924474167958566 0.896322231299673 0.219038646442855 0.70479852532209 0.14593284356596
0.698397563733758 0.176585614349312 0.404544304635881 0.853553934057701 0.980519191721926 0.336618708227759 0.837291668409597 0.274072306139723 0.729386909583225 0.869271476960951 0.245709226260173 0.781582001832405
0.00494884280799635 0.0235868476243106 0.115240133875094 0.319986929339221 0.987696215143608 0.0694734531605964 0.26341987251192 NA 0.311982734222568 0.0794882443507795 0.280152604450892 0.656910463023923
0.6604376867873 0.190129646236704 0.131175244050951 0.703150028131532 0.567480523595639 0.321294516706124 0.812036582938404 NA 0.326816967473159 0.859135190376861 0.56374217453919 0.666997267633207
0.174675855132946 0.711570250190804 0.0678158327711998 0.534845978409644 0.48875692043352 0.300587845783687 0.987042605802417 0.631612118724027 0.55644813555089 0.784347494458808 0.165894569617986 0.967841176215482
0.368636925877634 0.00526945082332204 0.400162634743655 0.232446421510259 0.355112370297689 0.247548247971349 0.249395971295211 0.781952465520893 0.678951343665285 0.924881087208142 0.342005171894038 0.783881658353814
0.958882959923844 0.558918728536526 0.00673949414305907 0.855498710793512 0.0813362533073496 0.151159500433839 0.0370304359324704 0.638438736928271 0.940492973089001 0.565346647724056 0.497896351815904 0.524593307361178
0.515030959495384 0.361275128015301 0.175497979308123 0.0285309350207138 0.0781233531417029 0.278410625042907 0.343193890452652 0.54203617114139 0.980390250835432 0.917168593856624 0.254534532161842 0.210422066744788
0.479014175184521 0.321051852350038 0.247800759011915 0.382841332507633 0.95309387840158 0.459390276396747 0.714426879413209 0.365096621453396 0.257853744129213 0.887912592896832 0.837538269348378 0.892412934876758
0.387009882746867 0.032212784302858 0.0521252747158918 0.93057347913869 0.975182094997686 0.815067142570321 0.272252489958392 0.117205634380439 0.143878771593199 0.438612161863687 0.231472473651917 0.0689330275484101
0.0370265371852216 0.0246720387230622 0.0157371042848245 0.161228850848403 0.538424202591476 0.293071547632131 0.436232416368652 0.572454336386367 0.752069286145887 0.728207558101458 0.0794100557122479 0.868592425998258
0.981737715917636 0.00184248654231575 0.0159413471103034 0.889677917236574 0.720613676795423 0.290806195493134 0.215829791973411 0.890137598436749 0.17414159137413 0.348338040011996 0.0993062696350037 0.703520435831682
0.112416451372931 0.306570647577952 0.0437387820287439 0.689920092131059 0.640122128339739 0.0973304355499118 0.753896385571666 NA 0.163952209938432 0.683211601312594 0.429883026823391 0.296431916542165
0.408597224483247 0.620994448850834 0.45070174700546 0.485223518749726 0.779340422905431 0.749553737013475 0.459212050652594 NA 0.769023180871961 0.849256830360786 0.122353372372185 0.617250856588578
0.588673605591994 0.387948041241093 0.997617518132195 0.966384280945292 0.808721676895017 0.529601792445703 0.643261165592887 0.488217094400103 0.998503532071739 0.857242602357635 0.346146013882384 0.982386109730782
0.353422191369142 0.186180143866004 0.00355698995573637 0.563310041523426 0.857322939382722 0.914347131937437 0.8914069201135 0.255502405005218 0.392288965847661 0.830704983739567 0.995475334866155 0.794867441007944
0.325729003807375 0.00869857840570629 0.481715120657709 0.206276228414634 0.199262853360418 0.945702096282695 0.251501958603623 NA 0.39352509351566 0.837340815245802 0.585966284566916 0.971153959238658
0.544312488820944 0.296864170749942 0.959928021553973 0.161309053144878 0.599414490517472 0.432694614089731 0.50626477168904 0.568489298563571 0.261076721736871 0.545752154442505 0.0827245313849299 0.179037556587763
0.319079405915596 0.22103847369186 0.72208917239033 0.748567322173999 0.706845099134108 0.264091740493434 0.188834142639189 0.60190542554197 0.742108949793419 0.296379934696357 0.238101028965675 0.0364207224415222
0.471923422368972 0.55883745865426 0.0971960830316801 0.701671933768675 0.44815993743383 0.913939910669207 0.677136991045805 0.671934514457242 0.374575628541205 0.134918342047831 0.307127120738328 0.477348395429962
0.343313813053885 0.276119373825502 0.0268535978139005 0.255398775084783 0.558825000748756 0.355527975592528 0.393835707242559 NA 0.384009440384474 0.559856263856152 0.526130961806575 0.771571077746105
0.709254320447237 0.146506128211395 0.721646929721211 0.666793380122052 0.491720924102837 0.445771251042618 0.217237165278985 0.260157007374796 0.94864719959056 0.0378814861986767 0.197838205908283 0.499936582805845
0.809255808447431 0.0835637031025206 0.631238384199807 0.0330841542150703 0.0963296115780351 0.494113728830166 0.607060445884172 0.679951795010645 0.842991435846976 0.482821511360644 0.0780244388473654 0.995948252007762
0.544490055688022 0.286220382295601 0.407833369429156 0.854585878839452 0.540016835801353 0.258503750370415 0.618194054366917 0.383462039477394 0.302716817265824 0.167380077740908 0.117651265375053 0.265408133675402
0.119816831264299 0.002874505835623 0.174598626245794 0.0598721623305346 0.792098212015961 0.420158677446446 0.695262407784127 NA 0.090544757457744 0.33722444080972 0.435788889545897 0.589837956831605
0.948564400671303 0.083000802147158 0.492457363678468 0.51539071791726 0.6250414160044 0.844054045257504 0.727779470446623 0.858427218604719 0.503436859427033 0.250821841823575 0.10117214478348 0.662915576504444
0.707373667799888 0.21437698090324 0.920832622659654 0.319006186633068 1 0.168487375893307 0.420315762823924 NA 0.200290793086577 0.379703855637499 0.185488428287322 0.027838760686841
0.341240184984099 0.413119789923299 0.0375760678346052 0.292752782387921 0.281667711244411 0.175933941871259 0.331779810837429 0.915767653824756 0.311406548543672 0.607755167132479 0.00202583643062442 0.19365224852265
0.888279954311326 0.736682505685069 0.00264740582832175 0.332172304644191 0.496410885768196 0.00220509984735817 0.950503922301931 0.318311560143701 0.420822143359647 0.00471660341559418 0.0607061208569716 0.604222177907716
0.302680666316938 0.00286495564567979 0.938985413528946 0.410328108413987 0.642295858073656 0.584738823659942 0.620373111635922 0.623714807550649 0.781382203729228 0.18917995870102 0.728528703065208 0.802974457760033
0.766803504969523 0.012522988856564 0.0917160018398017 0.0139205653948834 0.700754189329939 0.765076459728455 0.331988220694419 NA 0.59489935063092 0.381083400381655 0.955984837816953 0.720096412283634
0.433526261788439 0.00896831983921928 0.0181064145616198 0.748679767030447 0.267715253731679 0.717203589069222 0.521811247638909 0.0850743651966887 0.899387958849554 0.585806489581481 0.820305904024784 0.844891044068307
0.447054333972619 0.259941253054464 0.000659812557927462 0.94600398038308 0.638661516081075 0.175393494158623 0.660169859427839 0.539756083563633 0.145151078365225 0.221273804407237 0.0857293327541216 0.649506356834681
0.0472001514547137 0.433948448218728 0.0190073812781592 0.904653759522093 0.628807547594817 0.393455663232763 0.54044409105865 0.949389451002469 0.38660403076169 0.32834147613163 0.0296220154541308 0.902212613121491
0.00204714838121944 0.161426469221412 0.678487729192538 0.910359412160322 0.105035286102925 0.494928227602593 0.117008129017528 0.352618782560638 0.124868998944836 0.647359284750538 0.963676976735891 0.144656332834367
0.749777484990104 0.151384795755489 0.419043178821577 0.773690844024391 0.32778822073341 0.147445526713338 0.86856853399094 NA 0.411190862193961 0.314665534321148 0.0362097436544556 0.242696707716453
0.69157322609551 0.150423170434233 0.460889235492974 0.664105857928402 0.808919137380169 0.288277997500791 0.390044621206091 0.579363080601165 0.585182237259114 0.50814739422157 0.0889912611356643 0.271364512075302
0.294993536444472 0.19854159177953 0.440293169688066 0.547514453854862 0.0271278365704308 0.455642383444622 0.81785841237732 0.659879403470785 0.885721013402192 0.40889194335559 0.28160452728783 0.714828731806538
0.507122231617643 0.165999693222304 0.743566133629553 0.157392300916642 0.843642161053633 0.548369510711594 0.267629133292528 0.211830211324052 0.369235112705245 0.88801995945652 0.371381273670657 0.686410028457308
0.245951969824441 0.0783678900416659 0.0295657245395662 0.916706417002016 0.0361015747253393 0.149229949908294 0.102274588871296 0.23957027780242 0.706066084200335 0.902502548910466 0.733296312042666 0.499791166594394
0.41701553341632 7.70424548121736e-05 0.00168186871978476 0.150411863548398 0.971864004500536 0.562585123970855 0.673857619966626 NA 0.0995200649385102 0.052038786582203 0.756715389386677 0.220225562436944
0.531904153444089 0.516328412347034 0.0295082276367899 0.0295556201537876 0.929196475279231 1 0.0711886977917519 0.887620025489127 0.772690293783933 0.565339788694094 0.0938172094823172 0.483414711562347
0.444068694406764 0.998477344188506 0.090801192562253 0.72254637944893 0.691366648479535 0.611370826630327 0.186834635671359 NA 0.252078098101346 0.208767034491528 0.209899393152809 0.28529807084904
0.8792171875026 0.642836419164684 0.00387823188434046 0.728591189322549 0.940708593008032 0.390683697449154 0.0316387446602869 0.555834068191137 0.411969822587096 0.0943174695446925 0.292053599569303 0.241648124512931
0.870685569048805 0.0104672719009601 0.833234780264358 0.528560126040391 0.278854287679844 0.86285011504854 0.493736404691106 NA 0.416068181300058 0.485479212553709 0.924536576371802 0.766839594055772
0.779622791061433 0.00233993916782042 0.632412187652448 0.532696515215705 0.475963451342979 0.704712100583115 0.774005730711219 NA 0.178311813259118 0.0836057725921835 0.243126247758953 0.991959005900966
0.450511969929702 0.708440624821372 0.372805037155834 0.626533202231118 0.00798882506306387 0.477389438457396 0.962615952009812 0.146907203830154 0.549569107278084 0.327852575584177 0.716940291782376 0.557373950025958
0.419959019038571 0.0186416845607847 0.464209643502487 0.417418282661738 0.646195045702314 0.103228516976415 0.25760290046138 0.663815319760142 0.684745659447566 0.0872259696076498 0.710554620476759 0.871446883252075
0.227888173035599 0.0472137571439317 0.133125133184196 0.938917378111016 0.259259292180943 0.68081824842944 0.672629729541823 0.864673543983365 0.155924395060746 0.777841080424924 0.754958501892247 0.210778678254985
0.423013158714412 0.1755270189662 0.0303520012860084 0.712829457433794 0.527472168024914 0.0848670748916646 0.100505316600148 NA 0.851157274220388 0.980309730731313 0.745526041524676 0.211799992913275
0.917213782993171 0.528107629746434 0.59395066942703 0.868169513857504 0.571373042759814 0.0632872649234572 0.706038572066702 0.801764865097979 0.168488766466618 0.951004521904944 0.0215981536718107 0.895427525011451
0.943388046450114 0.074265036358685 0.045147855676972 0.752299405000675 0.400209057503989 0.812269831894498 0.105222751778268 NA 0.595263489670047 0.492625801783783 0.527086677854647 0.712539493622316
