Gene n.marker n.marker.test p.value
ADGRE2 137 8 1
ADGRE3 107 12 0.332405532298682
ADGRE5 128 8 0.223132863040386
CLEC17A 71 4 1
DDX39A 78 6 0.671147570676331
DNAJB1 55 4 0.386589860393695
GIPC1 46 7 0.275320300684648
NDUFB7 22 0 1
PKN1 154 14 0.64556338157886
PTGER1 62 4 0.771603859110985
TECR 58 5 0.79388372860519
ZNF333 151 13 0.344303635874398
ADGRE2 145 13 0.140767282618431
ADGRE3 119 9 0.56043758462799
ADGRE5 132 15 0.00203377494412194
CLEC17A 66 8 0.307987803957847
DDX39A 63 7 0.631018319782824
DNAJB1 55 5 0.709112859237365
GIPC1 53 3 0.882714967382498
NDUFB7 25 1 0.348931117755249
PKN1 177 12 0.312253486095241
PTGER1 70 4 0.862457119739069
TECR 57 5 0.736784665525592
ZNF333 119 10 0.618567384195222
ADGRE2 125 14 0.907231981727422
ADGRE3 111 10 0.561672900874212
ADGRE5 146 12 0.127978384486323
CLEC17A 63 9 0.422460248217394
DDX39A 80 5 1
DNAJB1 63 7 0.109942655657677
GIPC1 55 3 0.414868008647258
NDUFB7 19 0 1
PKN1 135 9 0.751184735715003
PTGER1 64 8 0.35940338766941
TECR 52 5 0.168695164398605
ZNF333 132 12 0.467998881532241
ADGRE2 155 20 0.567897798381686
ADGRE3 113 12 1
ADGRE5 131 6 4.48394549701359e-05
CLEC17A 64 3 0.826641349364865
DDX39A 46 3 0.420289922416932
DNAJB1 46 3 0.402482052582697
GIPC1 72 4 1
NDUFB7 13 0 1
PKN1 163 11 0.0711884569409651
PTGER1 60 4 0.380740112437709
TECR 47 8 0.810030110230169
ZNF333 131 15 1
ADGRE2 136 5 0.862276577087483
ADGRE3 105 13 0.858780779479022
ADGRE5 158 12 1
CLEC17A 64 3 0.621931009259117
DDX39A 73 6 0.333864060452717
DNAJB1 45 0 1
GIPC1 52 2 0.560342783241368
NDUFB7 19 2 0.584389365620107
PKN1 150 14 0.149756014237433
PTGER1 51 3 0.506338911940811
TECR 44 2 0.23278492709633
ZNF333 146 14 0.451683723483204
ADGRE2 129 9 1
ADGRE3 112 11 0.0290808873668268
ADGRE5 121 10 0.131410536079464
CLEC17A 57 4 0.618533432372699
DDX39A 81 3 0.741441086850497
DNAJB1 62 6 0.708749734026234
GIPC1 39 4 0.317638785356402
NDUFB7 25 3 0.71711592410049
PKN1 161 10 0.465006366711465
PTGER1 71 8 0.857350296604425
TECR 54 5 0.427270782229852
ZNF333 135 8 0.651577565925713
ADGRE2 133 5 0.719418967054514
ADGRE3 89 7 0.615184048941118
ADGRE5 142 16 0.824828598663478
CLEC17A 56 5 0.110158183431289
DDX39A 61 3 0.425573900396647
DNAJB1 66 6 0.804276136494861
GIPC1 53 6 0.85234546497336
NDUFB7 28 2 0.215821254791294
PKN1 155 12 1
PTGER1 75 3 0.725683887891211
TECR 46 6 0.68117173811395
ZNF333 135 6 0.481944308460677
ADGRE2 131 15 0.196599104324466
ADGRE3 100 8 0.161189965533975
ADGRE5 134 14 0.00173189429020359
CLEC17A 61 2 0.859395652821823
DDX39A 80 6 1
DNAJB1 47 4 0.193970686836047
GIPC1 64 4 0.177909971197163
NDUFB7 28 2 0.785443913604908
PKN1 129 14 0.563056903505452
PTGER1 65 6 0.75866472906549
TECR 52 5 0.00199338485824219
ZNF333 152 11 0.87013877674323
ADGRE2 125 10 0.344391578988606
ADGRE3 127 15 0.00727010677213269
ADGRE5 146 12 0.0134581421264097
CLEC17A 68 1 0.747822756229577
DDX39A 83 1 0.22342298361337
DNAJB1 46 1 0.0231246454209979
GIPC1 56 3 0.563552642102761
NDUFB7 25 1 1
PKN1 140 11 0.507990100696633
PTGER1 75 8 0.316864294773029
TECR 48 6 0.0397105335625744
ZNF333 148 7 0.267348774295971
ADGRE2 142 16 0.348034413862421
ADGRE3 116 7 0.487517457051291
ADGRE5 143 10 0.0148955522400522
CLEC17A 52 6 0.873390572021075
DDX39A 73 6 1
DNAJB1 55 4 0.854799557309859
GIPC1 50 3 0.406742129550342
NDUFB7 24 2 0.0857412802643509
PKN1 126 14 0.893005546163467
PTGER1 54 1 1
TECR 52 2 0.0699921665810754
ZNF333 125 12 0.36064427248087
ADGRE2 129 9 1
ADGRE3 108 3 0.0727324915632562
ADGRE5 160 18 0.108409731563054
CLEC17A 61 2 0.589312119801888
DDX39A 59 4 0.6228261964159
DNAJB1 49 3 0.809396071960997
GIPC1 58 4 0.274422052594766
NDUFB7 19 2 0.44974760550142
PKN1 170 17 0.158038036369761
PTGER1 72 6 0.490086310389771
TECR 49 3 0.0469289117543779
ZNF333 138 5 0.394099946866479
ADGRE2 148 15 0.671321268847936
ADGRE3 119 10 0.00577116094761887
ADGRE5 140 10 0.0168610609683142
CLEC17A 53 3 0.220530850432173
DDX39A 71 4 1
DNAJB1 62 4 0.602227827339768
GIPC1 56 5 0.67078090145162
NDUFB7 30 2 0.623270473100362
PKN1 142 11 0.0163231361543729
PTGER1 64 3 0.713822692051073
TECR 50 10 7.64198264763261e-05
ZNF333 158 22 0.315118820059122
ADGRE2 135 13 0.781161339692401
ADGRE3 116 8 0.842428085080436
ADGRE5 139 20 0.000472709520496828
CLEC17A 57 4 0.819089531066894
DDX39A 78 3 0.29795749212004
DNAJB1 64 7 0.348119371616008
GIPC1 55 1 0.456096780625797
NDUFB7 29 2 0.537805800456686
PKN1 148 17 0.529121928052039
PTGER1 83 8 0.602123883204978
TECR 66 5 0.781371617991742
ZNF333 128 10 0.709462759577654
ADGRE2 132 14 0.670751194416816
ADGRE3 110 8 0.907585808404043
ADGRE5 154 13 0.0138455635119595
CLEC17A 59 8 1
DDX39A 76 7 0.102026643394574
DNAJB1 51 4 0.522557745766478
GIPC1 60 1 0.178421815412542
NDUFB7 30 3 0.14650267267407
PKN1 149 9 0.372558063695838
PTGER1 60 2 0.668055554946801
TECR 61 10 0.920719966053946
ZNF333 147 13 0.682181816107116
ADGRE2 130 13 0.266583828649078
ADGRE3 106 7 0.593529631892609
ADGRE5 134 15 0.130443435685077
CLEC17A 65 4 0.0642454316055352
DDX39A 75 4 0.53301148515481
DNAJB1 36 5 0.681979388470525
GIPC1 54 7 0.888130226840373
NDUFB7 23 1 0.165649080275151
PKN1 139 13 0.412071670424582
PTGER1 67 6 0.666833232001576
TECR 71 5 0.0190206973603607
ZNF333 138 12 0.699513487299837
ADGRE2 140 8 0.564080009400392
ADGRE3 106 10 0.0429900344045887
ADGRE5 127 12 0.18901625816985
CLEC17A 72 7 0.70300518761023
DDX39A 67 5 1
DNAJB1 53 6 0.041605118172492
GIPC1 52 3 0.114275423789714
NDUFB7 25 2 0.0938930884145197
PKN1 185 15 0.28544293921204
PTGER1 49 6 0.912864593541197
TECR 47 8 0.119042465171014
ZNF333 126 11 0.412516079881793
ADGRE2 135 13 0.246307661945379
ADGRE3 122 11 0.564929291734628
ADGRE5 158 7 0.462225889845927
CLEC17A 62 6 0.285177020182761
DDX39A 60 7 0.428126500040411
DNAJB1 53 4 0.064195075359329
GIPC1 47 4 0.126650672725838
NDUFB7 11 0 1
PKN1 143 3 0.365624067255385
PTGER1 57 8 1
TECR 53 4 0.758811670423377
ZNF333 144 16 0.453175153420045
ADGRE2 133 8 1
ADGRE3 118 18 0.293358567929584
ADGRE5 132 10 0.00217344947383824
CLEC17A 61 3 0.583355697095859
DDX39A 69 3 0.855215390212791
DNAJB1 64 5 0.545084758022205
GIPC1 49 6 0.72162502006949
NDUFB7 20 2 0.109174997585694
PKN1 158 10 0.690551577569048
PTGER1 73 3 0.616455411980297
TECR 50 2 0.819042801649865
ZNF333 140 9 1
ADGRE2 126 13 0.373927345622865
ADGRE3 113 11 0.0178404850389864
ADGRE5 132 7 0.00101915982317635
CLEC17A 64 5 0.207954303328076
DDX39A 79 9 0.894257568661562
DNAJB1 61 9 0.0149902115830954
GIPC1 47 4 0.80929864408054
NDUFB7 19 2 0.371689706479218
PKN1 166 15 1
PTGER1 67 7 0.74274061485539
TECR 48 3 0.323135868677578
ZNF333 140 8 0.271197758652075
ADGRE2 128 7 0.306789846286415
ADGRE3 114 9 0.11219604223096
ADGRE5 145 8 0.832533912346485
CLEC17A 55 5 0.870360963356682
DDX39A 62 4 0.520985243481202
DNAJB1 63 4 0.736368127774831
GIPC1 50 8 0.793813294730715
NDUFB7 27 1 1
PKN1 149 14 0.35048341872557
PTGER1 65 9 0.380586433190057
TECR 49 2 0.304694022542136
ZNF333 156 16 0.593553494651938
ADGRE2 135 11 1
ADGRE3 110 10 0.193087522261276
ADGRE5 130 15 0.637490435188204
CLEC17A 72 6 0.457884520634383
DDX39A 65 7 0.534209143056837
DNAJB1 65 4 0.533427401417135
GIPC1 54 2 0.758225912964535
NDUFB7 17 2 0.431004930396784
PKN1 148 9 0.900931733931326
PTGER1 56 4 0.146566346513339
TECR 45 4 0.546971671118724
ZNF333 139 14 0.873968524442991
ADGRE2 139 15 1
ADGRE3 128 11 0.609710828032596
ADGRE5 131 12 0.228644076074612
CLEC17A 73 6 0.14085534963453
DDX39A 55 4 0.805563537554422
DNAJB1 53 1 0.385210566708214
GIPC1 52 4 0.399654303653665
NDUFB7 21 0 1
PKN1 161 8 0.342735681854793
PTGER1 52 4 0.431348263696737
TECR 55 6 0.785867186121699
ZNF333 123 9 1
ADGRE2 132 13 0.421753403175311
ADGRE3 113 10 4.17363735416565e-06
ADGRE5 139 15 0.0502196829601195
CLEC17A 75 1 0.892903744196927
DDX39A 76 4 0.811221828401519
DNAJB1 66 5 0.838165097441031
GIPC1 48 4 0.503751287381681
NDUFB7 25 2 0.846056818508484
PKN1 169 10 0.0479724447651172
PTGER1 59 5 0.222221972885344
TECR 55 10 0.149999484838908
ZNF333 147 11 0.522305985134109
ADGRE2 130 14 0.659136517688352
ADGRE3 124 5 0.0679446396496765
ADGRE5 140 11 0.153006963544196
CLEC17A 69 6 0.248196138576256
DDX39A 64 5 0.34933351621753
DNAJB1 51 6 0.582450605295365
GIPC1 51 7 0.0814311183059034
NDUFB7 20 2 0.230950816947799
PKN1 156 9 0.518156797254853
PTGER1 71 6 0.708767629726468
TECR 59 3 0.854843000986317
ZNF333 116 9 0.304531454317404
ADGRE2 125 8 0.889554433580119
ADGRE3 115 5 0.0275564664348401
ADGRE5 117 13 0.00901029657506736
CLEC17A 67 4 0.902752293419359
DDX39A 78 12 0.485279003519274
DNAJB1 47 2 0.438693928964942
GIPC1 46 4 1
NDUFB7 25 0 1
PKN1 165 17 0.598870974919295
PTGER1 65 8 0.0993541269311479
TECR 45 5 0.333924905718099
ZNF333 136 13 0.777019409854907
ADGRE2 127 16 1
ADGRE3 108 6 0.313354467703584
ADGRE5 153 12 0.000843889505837803
CLEC17A 70 5 0.52751603398097
DDX39A 73 6 0.459206663489148
DNAJB1 60 9 0.0605275727493975
GIPC1 62 7 0.318808409619754
NDUFB7 17 1 0.930114955158999
PKN1 137 6 0.898877649003237
PTGER1 52 6 0.856795964623376
TECR 42 4 0.663782803950584
ZNF333 133 8 0.911394653551829
ADGRE2 133 12 0.840647649269122
ADGRE3 116 8 0.145118244999314
ADGRE5 137 11 0.272514167384353
CLEC17A 71 7 0.315967266773832
DDX39A 66 3 0.404088267274016
DNAJB1 59 6 1
GIPC1 50 1 0.456096780625797
NDUFB7 27 4 0.41363940755813
PKN1 175 16 0.632352255363212
PTGER1 67 4 0.102187103595501
TECR 44 5 0.0120698291913863
ZNF333 124 11 0.805924020491148
ADGRE2 132 10 1
ADGRE3 133 8 0.0214044472253831
ADGRE5 153 16 0.275215246640947
CLEC17A 58 6 0.143022732164229
DDX39A 59 7 0.204911487429829
DNAJB1 54 6 0.488687435647613
GIPC1 49 8 0.528599323002789
NDUFB7 26 2 0.432929697441567
PKN1 151 8 0.655083862670011
PTGER1 59 3 0.514607168085862
TECR 49 6 0.88760295246177
ZNF333 131 12 0.456767204969064
ADGRE2 134 10 0.602098751858067
ADGRE3 97 9 0.415516147815103
ADGRE5 143 16 0.0715591570096044
CLEC17A 68 1 1
DDX39A 72 8 0.477996496463331
DNAJB1 55 5 0.62516749434831
GIPC1 52 3 1
NDUFB7 32 3 1
PKN1 162 11 0.298260520292437
PTGER1 66 2 0.224231936204505
TECR 61 6 0.338247166620222
ZNF333 142 9 0.156108425485212
ADGRE2 126 14 0.617053584264945
ADGRE3 125 8 0.00806663632434834
ADGRE5 143 17 0.0020607866795096
CLEC17A 78 6 0.580564391838087
DDX39A 59 4 0.536135793011985
DNAJB1 58 4 0.272442951968966
GIPC1 41 3 0.274617569193341
NDUFB7 17 1 1
PKN1 138 13 0.320581555546984
PTGER1 57 4 0.162695991500654
TECR 46 3 0.698373698749127
ZNF333 157 11 0.277914557418516
ADGRE2 147 12 0.61987921546509
ADGRE3 90 9 0.21436362964588
ADGRE5 142 10 1
CLEC17A 65 5 0.66338450423517
DDX39A 67 4 0.634679410721543
DNAJB1 50 4 0.152964653208574
GIPC1 42 3 0.543661411051792
NDUFB7 29 2 0.859058281890028
PKN1 141 7 0.676311694535975
PTGER1 65 6 0.489467852751181
TECR 58 8 0.265770518294898
ZNF333 135 10 0.286619966542694
ADGRE2 127 13 0.244274742929144
ADGRE3 115 8 0.0171750943927866
ADGRE5 138 8 0.754678398036317
CLEC17A 69 3 0.571596234651668
DDX39A 70 6 0.536723175849185
DNAJB1 59 1 1
GIPC1 52 5 0.682617915386522
NDUFB7 24 0 1
PKN1 140 13 0.805575523398755
PTGER1 66 2 0.083591750486524
TECR 56 2 0.00566439661658646
ZNF333 161 11 0.111527259067072
ADGRE2 132 10 0.718395545286247
ADGRE3 96 9 0.142810399565141
ADGRE5 137 8 0.369979181055821
CLEC17A 82 8 0.395353852210991
DDX39A 76 4 0.556953075906518
DNAJB1 63 6 0.263343353162892
GIPC1 42 4 0.750821890515784
NDUFB7 27 2 0.753334755670927
PKN1 144 7 0.0751591646665317
PTGER1 65 6 0.135651690280014
TECR 35 1 0.331762982724965
ZNF333 144 15 0.269021366064861
ADGRE2 134 11 0.710337790631572
ADGRE3 103 9 0.902015921395045
ADGRE5 138 5 0.146889229190803
CLEC17A 63 3 1
DDX39A 64 6 0.15633361530894
DNAJB1 59 9 0.140012320255359
GIPC1 59 6 0.403688660387922
NDUFB7 29 4 0.496179853531314
PKN1 140 17 0.838484726995089
PTGER1 65 4 1
TECR 62 4 0.491047487191912
ZNF333 132 9 0.278710319555324
ADGRE2 144 10 0.356922681853646
ADGRE3 94 5 1
ADGRE5 145 14 0.0036125093344922
CLEC17A 65 10 0.677033540051697
DDX39A 74 10 0.526197072037191
DNAJB1 49 4 0.0603388522368927
GIPC1 58 5 0.883595975195091
NDUFB7 23 4 0.841676028037867
PKN1 163 7 0.0277893722156218
PTGER1 72 2 0.688049514556802
TECR 43 5 0.00136127349961712
ZNF333 146 8 0.697022287405179
ADGRE2 137 12 0.854456246932938
ADGRE3 115 8 0.135182985035702
ADGRE5 140 8 0.0217543871617244
CLEC17A 63 4 0.440615887363177
DDX39A 60 6 0.869834355814752
DNAJB1 57 6 0.768311496372072
GIPC1 47 0 1
NDUFB7 20 0 1
PKN1 156 16 0.361492485211741
PTGER1 75 6 0.0361694801543475
TECR 50 4 0.5743110078501
ZNF333 131 13 0.12353733623667
ADGRE2 125 9 0.802410675787393
ADGRE3 112 7 0.387707825899599
ADGRE5 141 14 0.0113601252174199
CLEC17A 55 3 0.649550684965075
DDX39A 73 5 0.234087084060815
DNAJB1 47 5 0.479271773969823
GIPC1 67 8 0.123820646505082
NDUFB7 30 4 0.631174245506198
PKN1 178 12 0.914270334195724
PTGER1 55 7 0.160246351593486
TECR 50 1 0.355050680199562
ZNF333 132 5 0.376460711121931
ADGRE2 123 9 0.431871804614082
ADGRE3 114 11 0.222287122499894
ADGRE5 132 10 0.0598379612038904
CLEC17A 63 8 0.717645246823566
DDX39A 74 5 0.846421911231193
DNAJB1 56 4 0.405331070324998
GIPC1 47 1 0.0246299940988666
NDUFB7 24 1 0.420853140459808
PKN1 148 17 0.700903720044935
PTGER1 63 8 1
TECR 43 4 0.624010671374984
ZNF333 132 9 0.0799938118002828
ADGRE2 124 17 1
ADGRE3 129 12 1
ADGRE5 135 13 0.0195085240237792
CLEC17A 72 2 0.419718139315637
DDX39A 71 2 0.798134381822421
DNAJB1 60 5 0.827276751701731
GIPC1 56 1 0.79912966831081
NDUFB7 26 3 0.844525868203775
PKN1 151 13 0.538311929860766
PTGER1 69 8 0.555457754511975
TECR 46 6 1
ZNF333 143 5 0.64636569552492
ADGRE2 135 6 0.835131980142831
ADGRE3 113 11 0.0580779271960251
ADGRE5 136 11 0.478126314071943
CLEC17A 68 5 0.732731277711575
DDX39A 73 5 0.692502602505845
DNAJB1 55 4 0.897856874003033
GIPC1 53 1 0.50782908953335
NDUFB7 25 4 0.0755706970960012
PKN1 142 10 1
PTGER1 73 5 0.652566779700187
TECR 59 3 0.542548640791316
ZNF333 139 17 1
ADGRE2 126 11 0.54001448369441
ADGRE3 99 10 0.588605648810835
ADGRE5 157 12 0.0798260877841714
CLEC17A 71 3 0.144083561204123
DDX39A 65 5 0.894022618226604
DNAJB1 50 3 0.154726264882654
GIPC1 41 3 0.46013749212161
NDUFB7 30 1 0.638033580830128
PKN1 145 12 0.500775615260695
PTGER1 71 5 0.676043518587638
TECR 42 2 0.0286403164878747
ZNF333 141 7 0.610308765198181
ADGRE2 129 14 0.65623666453013
ADGRE3 102 11 0.00833184044467583
ADGRE5 142 8 0.142546011329613
CLEC17A 71 4 0.764960977003995
DDX39A 79 4 0.514457147587798
DNAJB1 61 2 0.388218055584559
GIPC1 65 6 0.882732771319551
NDUFB7 14 1 0.72431666889349
PKN1 157 11 0.849601679988364
PTGER1 57 7 0.870212006241762
TECR 49 4 0.0538840867682775
ZNF333 146 10 0.454283158308343
ADGRE2 135 12 0.521384675798599
ADGRE3 113 10 0.00340285415170627
ADGRE5 140 11 0.00900719584058829
CLEC17A 54 5 0.19795234597756
DDX39A 70 9 0.745423053119455
DNAJB1 62 4 0.553807499824298
GIPC1 53 5 0.0804324626013216
NDUFB7 34 4 0.439237218464089
PKN1 140 15 1
PTGER1 76 6 0.754125616826143
TECR 40 4 0.406095873258656
ZNF333 126 9 0.494370714796454
ADGRE2 159 9 0.0905545854494114
ADGRE3 106 9 0.046472416114959
ADGRE5 131 12 0.588093687859
CLEC17A 60 5 1
DDX39A 86 5 0.356430349742282
DNAJB1 69 7 0.163864800633533
GIPC1 54 5 0.128825642771606
NDUFB7 24 3 0.128751294255068
PKN1 142 14 1
PTGER1 62 3 0.118660016985558
TECR 53 2 0.0978803613275913
ZNF333 124 8 0.747182172015232
ADGRE2 143 11 0.298927990581482
ADGRE3 112 7 1
ADGRE5 130 13 0.13854699443486
CLEC17A 62 6 0.12921608825795
DDX39A 74 6 0.233115204943193
DNAJB1 67 5 0.257514583710419
GIPC1 47 6 0.804426147188136
NDUFB7 19 2 0.5931964153083
PKN1 150 12 0.801928544802574
PTGER1 67 9 0.726334173619781
TECR 48 5 0.88251050372299
ZNF333 136 9 0.810138683265539
ADGRE2 132 19 0.904806404737055
ADGRE3 104 11 0.00163204026562658
ADGRE5 135 14 4.83736468270823e-06
CLEC17A 63 3 0.287954153821477
DDX39A 68 6 1
DNAJB1 65 6 0.368756764736609
GIPC1 53 2 0.18664934571285
NDUFB7 28 4 0.463781972227262
PKN1 171 16 0.695830518473123
PTGER1 56 1 0.0246299940988666
TECR 53 2 0.0935952956421795
ZNF333 149 12 0.15442385665371
ADGRE2 158 17 0.798899446815716
ADGRE3 97 8 0.614834969578189
ADGRE5 136 11 0.110542778469048
CLEC17A 64 1 1
DDX39A 80 7 0.420018439733884
DNAJB1 48 6 0.270352714779049
GIPC1 53 3 0.262949084280658
NDUFB7 24 1 0.664834664404039
PKN1 156 15 0.16776822061477
PTGER1 61 4 1
TECR 49 7 0.519078088600487
ZNF333 129 11 0.319305688895287
ADGRE2 121 7 0.660693074526008
ADGRE3 124 8 0.0955476741958377
ADGRE5 147 11 0.480191628348297
CLEC17A 71 10 0.103370268312807
DDX39A 71 8 0.137832593943801
DNAJB1 53 2 0.589741796516001
GIPC1 51 2 0.206589024451263
NDUFB7 22 4 0.700240338344336
PKN1 166 14 0.152230519670177
PTGER1 61 1 0.301186653948526
TECR 43 6 0.205188028178111
ZNF333 146 11 0.152300117140206
ADGRE2 139 12 0.552785642263514
ADGRE3 93 8 0.303220187993105
ADGRE5 134 13 0.820038399266876
CLEC17A 68 8 0.61848338044398
DDX39A 58 8 0.911304470004958
DNAJB1 59 3 0.700266195115669
GIPC1 48 6 0.207448318244316
NDUFB7 26 5 0.19266478888924
PKN1 134 10 0.687600457946849
PTGER1 64 6 0.0625261140859306
TECR 41 4 0.736270443769117
ZNF333 162 11 0.740542822220741
ADGRE2 141 14 1
ADGRE3 90 8 0.587834539197235
ADGRE5 155 7 0.554862013797143
CLEC17A 70 5 0.315149089797032
DDX39A 75 4 0.845301202570008
DNAJB1 59 7 0.18598857408626
GIPC1 58 4 0.686387427747527
NDUFB7 26 0 1
PKN1 157 15 1
PTGER1 51 3 1
TECR 52 2 0.752530519370123
ZNF333 125 11 0.230671723878419
ADGRE2 132 6 0.732461791116221
ADGRE3 116 11 0.608587360767208
ADGRE5 133 10 1
CLEC17A 61 7 0.789688120135284
DDX39A 62 6 0.208612803130498
DNAJB1 49 1 0.140204057389928
GIPC1 47 6 0.312927978469054
NDUFB7 21 3 0.560097535955458
PKN1 145 8 0.82804684059065
PTGER1 74 7 0.336456495060435
TECR 45 5 0.793730913318139
ZNF333 143 14 0.43922422067715
ADGRE2 121 7 0.65452293596275
ADGRE3 115 11 0.755057814794715
ADGRE5 148 17 3.35873514000218e-05
CLEC17A 78 5 0.445323737351106
DDX39A 81 11 0.357721750401862
DNAJB1 56 6 0.879343814682098
GIPC1 55 5 0.10467820936819
NDUFB7 18 3 0.110588481831492
PKN1 176 7 0.502070679744026
PTGER1 63 4 0.305606802222227
TECR 50 5 0.409977061247854
ZNF333 134 8 0.308644648064705
ADGRE2 132 10 0.886414896173893
ADGRE3 109 8 0.701508486762465
ADGRE5 131 8 0.00522630477540198
CLEC17A 64 9 0.143741415730859
DDX39A 68 6 0.298033053172214
DNAJB1 41 4 0.793229147541748
GIPC1 46 1 0.580493432614166
NDUFB7 23 1 0.519488506904036
PKN1 159 16 0.330558098991121
PTGER1 69 4 0.831950435478113
TECR 52 5 0.00512532479270589
ZNF333 135 10 0.315121819739431
ADGRE2 134 11 0.506421067151265
ADGRE3 93 10 0.838538577155689
ADGRE5 148 12 0.00414878092953863
CLEC17A 49 4 0.365838763843602
DDX39A 76 7 0.231834760909685
DNAJB1 52 4 0.620050074277435
GIPC1 45 2 1
NDUFB7 31 1 0.594122547422651
PKN1 150 9 0.560664599158832
PTGER1 51 6 0.133669592684053
TECR 64 4 0.833573222853596
ZNF333 157 10 0.689502675699812
ADGRE2 132 10 0.145440725177192
ADGRE3 128 5 0.728010082843116
ADGRE5 143 17 0.000775043970256739
CLEC17A 49 2 0.42620326626331
DDX39A 75 3 0.252457688238871
DNAJB1 44 6 0.578196083122011
GIPC1 46 0 1
NDUFB7 30 1 0.140442533531337
PKN1 143 13 0.922442683415033
PTGER1 69 6 0.231964598312131
TECR 54 2 0.831232026224613
ZNF333 140 12 0.795905143300566
ADGRE2 163 11 0.804552167952857
ADGRE3 118 14 2.68010641584215e-05
ADGRE5 128 7 2.10548148172895e-05
CLEC17A 54 9 0.421346617703604
DDX39A 81 6 0.330148348149747
DNAJB1 63 2 0.492952544244024
GIPC1 57 4 0.488319470993905
NDUFB7 18 2 0.276326653086109
PKN1 159 11 0.377721799159031
PTGER1 67 7 0.366005847592194
TECR 58 6 0.00958485788907359
ZNF333 121 11 0.547837017423912
ADGRE2 130 8 0.597344682239436
ADGRE3 119 19 0.0903385558497894
ADGRE5 151 7 0.154030395121624
CLEC17A 59 1 0.50782908953335
DDX39A 69 5 0.375389256794556
DNAJB1 56 5 0.225714108072515
GIPC1 53 4 0.445063928473367
NDUFB7 29 2 0.491308162564288
PKN1 158 13 1
PTGER1 56 4 0.647823858256852
TECR 44 5 0.857609043018225
ZNF333 148 9 0.749079841886221
ADGRE2 136 10 0.00652201002015529
ADGRE3 103 9 0.329049114048591
ADGRE5 141 10 0.191898020209577
CLEC17A 61 5 1
DDX39A 68 4 0.289929848277909
DNAJB1 69 3 0.894792160847715
GIPC1 68 6 1
NDUFB7 24 2 0.0296333041595697
PKN1 140 8 0.896922077011733
PTGER1 61 6 0.393146391803935
TECR 55 6 0.162797485917481
ZNF333 153 15 0.283664168443588
ADGRE2 143 9 0.751634937440117
ADGRE3 106 8 0.00812644238058224
ADGRE5 131 13 0.0943754143921139
CLEC17A 68 4 0.1654747717708
DDX39A 60 5 0.505006439755679
DNAJB1 49 5 0.144786444002226
GIPC1 49 4 1
NDUFB7 17 0 1
PKN1 158 22 0.866025781900786
PTGER1 76 8 0.863398136306758
TECR 50 5 0.892048945153909
ZNF333 146 16 0.35955961591886
ADGRE2 120 12 0.422511493042116
ADGRE3 108 10 0.774858382457082
ADGRE5 126 8 0.238777583320662
CLEC17A 52 0 1
DDX39A 74 3 0.495113484558
DNAJB1 57 3 0.775679542101111
GIPC1 54 7 0.808250775141547
NDUFB7 22 3 0.748200810655173
PKN1 144 13 0.609960989432315
PTGER1 77 6 0.163233222088426
TECR 57 3 0.763912091058057
ZNF333 140 12 0.0438286187961342
ADGRE2 141 3 0.101075491555007
ADGRE3 110 8 0.51276883152433
ADGRE5 151 8 0.200480938425017
CLEC17A 69 7 0.602217030356239
DDX39A 68 5 1
DNAJB1 50 3 0.709098663483641
GIPC1 56 2 0.745907108212038
NDUFB7 21 5 0.83494646226231
PKN1 170 13 0.925975728881616
PTGER1 54 7 0.258980118057727
TECR 52 6 1
ZNF333 135 14 0.282961330330167
ADGRE2 135 8 0.684817223559382
ADGRE3 106 8 0.557118481000051
ADGRE5 145 12 0.580184965829348
CLEC17A 54 4 0.550622985937663
DDX39A 76 7 0.486210452541469
DNAJB1 55 4 0.609720553450258
GIPC1 57 7 0.435122700944923
NDUFB7 13 2 0.274317433582483
PKN1 142 11 1
PTGER1 68 5 0.115077885186844
TECR 43 5 0.583876691984583
ZNF333 142 10 0.752043334896691
ADGRE2 135 12 0.888774818490094
ADGRE3 125 3 0.584172952891342
ADGRE5 148 8 0.802541708548595
CLEC17A 62 3 0.521372853092498
DDX39A 69 6 0.594155687485419
DNAJB1 58 4 0.616269894445995
GIPC1 69 4 0.542338879344931
NDUFB7 16 1 0.385210566708214
PKN1 169 12 0.369628152908203
PTGER1 56 7 0.320490027213581
TECR 45 2 0.859761959301733
ZNF333 144 15 0.169606591278719
ADGRE2 129 11 0.186724149834108
ADGRE3 115 10 0.0703195514571984
ADGRE5 140 8 0.211748994307443
CLEC17A 56 5 0.405797837589348
DDX39A 70 4 0.850945530484986
DNAJB1 66 7 0.3023708054529
GIPC1 49 6 0.436886914089551
NDUFB7 23 1 0.928223480195246
PKN1 159 18 0.044193941210256
PTGER1 52 5 0.189408805666012
TECR 50 6 0.82760877298242
ZNF333 126 9 0.369399725914166
ADGRE2 134 12 0.826601793775867
ADGRE3 96 4 0.856248923512177
ADGRE5 130 7 0.675066549021938
CLEC17A 66 7 0.889886949464349
DDX39A 88 7 0.768772041080459
DNAJB1 56 5 0.181001710640779
GIPC1 63 7 0.554941890948826
NDUFB7 16 0 1
PKN1 174 14 0.347338491447273
PTGER1 66 5 0.380279862109909
TECR 54 9 0.839853529589968
ZNF333 128 8 0.365569241563807
ADGRE2 158 19 0.347972698179406
ADGRE3 98 9 0.684110770610278
ADGRE5 147 11 0.0962733357236366
CLEC17A 70 7 0.608032801236367
DDX39A 77 10 0.282690606734294
DNAJB1 59 3 0.0479685937629333
GIPC1 45 3 0.350810856727641
NDUFB7 20 1 0.239215868203218
PKN1 158 13 0.910196281980315
PTGER1 60 5 0.658954187645356
TECR 46 5 0.82732373158711
ZNF333 135 14 0.743261835169027
ADGRE2 144 10 0.858484458208248
ADGRE3 100 7 0.859821422226243
ADGRE5 140 18 0.640595547099698
CLEC17A 69 5 0.724518459206421
DDX39A 66 4 1
DNAJB1 57 7 1
GIPC1 63 9 0.57749485601191
NDUFB7 25 0 1
PKN1 157 6 0.247006704840575
PTGER1 61 2 0.319236818518333
TECR 53 7 0.329393544667414
ZNF333 144 16 1
ADGRE2 132 4 0.573199612969556
ADGRE3 128 15 0.00331024337349128
ADGRE5 130 11 0.398335097548073
CLEC17A 79 7 0.380599729634861
DDX39A 64 6 0.0312151184905416
DNAJB1 49 2 0.708036173354503
GIPC1 50 2 0.249724222678447
NDUFB7 23 3 0.034890937219995
PKN1 157 17 0.284762854445424
PTGER1 59 5 0.103518055557208
TECR 60 6 0.0482382688346122
ZNF333 126 5 0.423334237255935
ADGRE2 131 12 0.379391599807246
ADGRE3 103 9 0.155392097107864
ADGRE5 131 11 0.367750300282311
CLEC17A 70 5 0.284022947427601
DDX39A 46 5 0.749824120179807
DNAJB1 72 5 1
GIPC1 54 1 0.79912966831081
NDUFB7 19 0 1
PKN1 165 15 0.859168525598501
PTGER1 68 5 0.446268637140642
TECR 50 3 0.770126722913898
ZNF333 151 10 0.487727113312985
ADGRE2 131 9 0.652049477520968
ADGRE3 102 8 0.0464550446296087
ADGRE5 142 11 0.808102069770874
CLEC17A 61 3 0.40274180498828
DDX39A 86 5 0.401877374317239
DNAJB1 55 2 1
GIPC1 59 4 0.34577006239636
NDUFB7 28 0 1
PKN1 131 11 0.720122408975275
PTGER1 74 6 0.0846190423148716
TECR 48 8 0.583100994291577
ZNF333 142 7 0.648554459407423
ADGRE2 140 7 0.220353478017014
ADGRE3 109 9 0.000884888873289191
ADGRE5 156 15 0.041345360995484
CLEC17A 59 5 0.884066151779208
DDX39A 75 6 1
DNAJB1 58 7 0.707544134047558
GIPC1 55 5 0.9097515922277
NDUFB7 19 2 0.594470985409797
PKN1 153 10 0.296674563063732
PTGER1 57 8 0.300548550010503
TECR 58 2 0.790756870660873
ZNF333 148 10 0.702506327701561
ADGRE2 132 8 0.596385657376562
ADGRE3 105 8 0.0141538143272851
ADGRE5 140 7 0.345999159693687
CLEC17A 65 4 0.662745328097917
DDX39A 77 11 0.702748186816349
DNAJB1 64 10 0.215839581307885
GIPC1 64 3 0.269418009418627
NDUFB7 24 1 0.632073834859747
PKN1 144 8 0.627205449383455
PTGER1 64 5 0.723836102832496
TECR 64 8 0.246064948558952
ZNF333 126 10 0.509640285593801
ADGRE2 145 13 0.193013986811587
ADGRE3 104 15 0.296636909686176
ADGRE5 132 14 0.000465349169150753
CLEC17A 71 3 0.230209993793233
DDX39A 82 6 0.630987844669042
DNAJB1 59 6 0.617222002353149
GIPC1 55 7 0.456490099362288
NDUFB7 20 2 0.522623932970481
PKN1 154 12 1
PTGER1 63 3 0.77065363507268
TECR 55 4 0.104815362573689
ZNF333 147 10 0.399478792934942
ADGRE2 112 9 1
ADGRE3 108 8 0.0938320932410168
ADGRE5 124 12 0.0411709536058016
CLEC17A 75 11 0.217556251925917
DDX39A 58 4 0.333038893877057
DNAJB1 53 7 0.416323004458798
GIPC1 45 1 0.789898377386894
NDUFB7 18 1 0.715682654607071
PKN1 143 11 0.386965229536601
PTGER1 74 4 0.41787671974615
TECR 48 4 0.675892900532138
ZNF333 162 11 0.925098827771242
ADGRE2 157 13 0.604123790749306
ADGRE3 108 4 0.0120603198323783
ADGRE5 142 14 0.348264444728998
CLEC17A 57 4 0.411057061292693
DDX39A 74 5 0.238800175618709
DNAJB1 68 8 0.811173047938118
GIPC1 64 9 0.531815247952176
NDUFB7 19 1 0.341336404364977
PKN1 176 8 0.764366783402741
PTGER1 57 4 0.831765725636241
TECR 45 6 0.308815475233498
ZNF333 107 8 0.400984049284438
ADGRE2 152 14 0.0683452737138831
ADGRE3 108 14 0.00221490191439311
ADGRE5 129 13 0.00679184601215255
CLEC17A 70 5 0.877321692310759
DDX39A 79 5 0.0344378283795369
DNAJB1 54 5 0.159984503179758
GIPC1 59 5 0.3809225948504
NDUFB7 25 3 0.500345119842413
PKN1 160 19 0.311526957265929
PTGER1 49 4 0.254795500751103
TECR 51 2 0.684409572897072
ZNF333 144 8 0.902108134882081
ADGRE2 133 6 0.866026961752919
ADGRE3 112 15 0.00670019483962336
ADGRE5 128 21 0.456156075560206
CLEC17A 60 4 0.336519339815803
DDX39A 71 6 0.540256252066468
DNAJB1 58 3 1
GIPC1 49 3 0.833178210109769
NDUFB7 18 1 0.191815817547539
PKN1 165 11 0.876600390735579
PTGER1 57 7 0.472313704118197
TECR 54 4 0.699576850180767
ZNF333 161 11 0.708700422559688
ADGRE2 137 13 0.646136813817449
ADGRE3 120 8 0.0016505862670716
ADGRE5 129 14 0.00333114214233876
CLEC17A 67 7 0.0843192152617974
DDX39A 64 5 0.907769664868062
DNAJB1 63 9 0.341873083439096
GIPC1 54 1 0.190852321481557
NDUFB7 23 0 1
PKN1 151 16 1
PTGER1 67 3 0.192945982436943
TECR 53 3 0.00955720476777877
ZNF333 128 7 0.26585755631002
ADGRE2 139 15 0.695409097859327
ADGRE3 92 11 0.448389598901511
ADGRE5 160 16 0.0038797691028063
CLEC17A 64 7 0.716239188446962
DDX39A 84 4 0.0686029198214717
DNAJB1 53 3 0.890068741961299
GIPC1 54 3 1
NDUFB7 20 1 0.214935251756771
PKN1 146 13 0.607774921937287
PTGER1 72 10 0.21650452015695
TECR 49 7 0.736548853544717
ZNF333 140 8 0.100645469692423
ADGRE2 127 12 0.20085658923799
ADGRE3 117 3 1
ADGRE5 166 19 0.00191791844493661
CLEC17A 57 3 0.569274126862502
DDX39A 80 8 0.808170171561909
DNAJB1 48 8 0.282678651942756
GIPC1 69 1 0.508498995865282
NDUFB7 29 1 0.355050680199562
PKN1 157 16 0.852271765134388
PTGER1 51 4 0.482823522945945
TECR 37 3 0.405123850223851
ZNF333 144 9 0.831103357384687
ADGRE2 148 15 0.244505134634014
ADGRE3 104 10 0.0894655903852551
ADGRE5 146 10 0.207341896925275
CLEC17A 73 4 0.539479143908508
DDX39A 68 3 0.292790332976385
DNAJB1 53 5 0.212185700906763
GIPC1 50 6 0.750882514278742
NDUFB7 20 2 0.532843671650399
PKN1 147 10 0.147911689348712
PTGER1 67 6 0.588318675522042
TECR 62 5 0.00401201724620637
ZNF333 145 7 0.686089079913344
ADGRE2 141 7 0.837576544042445
ADGRE3 105 9 0.847873883709394
ADGRE5 158 8 0.00608829648059672
CLEC17A 70 11 0.190704159844549
DDX39A 84 9 0.538599035575563
DNAJB1 56 9 0.71083754366583
GIPC1 50 2 0.665591650704823
NDUFB7 20 1 1
PKN1 153 10 0.92386415765827
PTGER1 68 4 0.498462424435682
TECR 55 5 0.484576062472086
ZNF333 126 6 0.592389144610896
ADGRE2 114 7 0.0509912071279292
ADGRE3 98 3 0.761133051730846
ADGRE5 144 9 0.856649162114996
CLEC17A 57 6 0.552786118990625
DDX39A 73 10 0.751068828162668
DNAJB1 43 3 0.841477566472355
GIPC1 60 7 0.782887426656651
NDUFB7 27 1 0.459048557505445
PKN1 177 18 0.302497243224506
PTGER1 78 7 0.140643984255496
TECR 49 3 0.703212941096057
ZNF333 140 10 0.531785045518523
ADGRE2 132 12 0.501049500239677
ADGRE3 99 10 0.7685543849866
ADGRE5 132 14 0.428832645667529
CLEC17A 67 2 1
DDX39A 79 7 0.0795957317021445
DNAJB1 48 4 1
GIPC1 55 2 0.808743488520465
NDUFB7 26 1 0.800971098641111
PKN1 148 8 0.384176884286027
PTGER1 69 7 0.540559019242683
TECR 48 3 0.595986486021888
ZNF333 122 8 0.421379672936893
ADGRE2 141 6 0.578005805250146
ADGRE3 109 10 0.647019497276436
ADGRE5 117 9 0.123935896795139
CLEC17A 62 9 1
DDX39A 77 10 0.0885614166199602
DNAJB1 53 2 1
GIPC1 48 4 0.172008381635092
NDUFB7 20 3 0.0606363958279011
PKN1 168 12 0.511588735715465
PTGER1 67 6 0.727150237265611
TECR 42 2 0.114719670758589
ZNF333 128 7 0.919592396855332
ADGRE2 136 13 0.69322956670715
ADGRE3 120 8 1
ADGRE5 131 8 0.451716728622868
CLEC17A 70 6 0.163013282554593
DDX39A 66 4 0.819387959380422
DNAJB1 57 6 0.0984827892245252
GIPC1 68 2 1
NDUFB7 24 5 0.472868088381423
PKN1 132 11 0.239097754112039
PTGER1 48 4 0.548681561492903
TECR 56 6 0.531764043749956
ZNF333 138 8 0.139191107833326
ADGRE2 144 5 0.242692052034056
ADGRE3 106 13 0.190435896317773
ADGRE5 150 18 0.255532243551954
CLEC17A 65 5 0.0697325913468523
DDX39A 79 8 0.650104044749928
DNAJB1 64 6 0.365320784233859
GIPC1 47 1 0.462169208078246
NDUFB7 20 2 0.101599009103045
PKN1 143 14 0.620487321164202
PTGER1 55 3 0.489558995983107
TECR 44 2 0.767712692984729
ZNF333 144 11 0.867776716733239
ADGRE2 135 10 0.388076312741823
ADGRE3 98 12 0.700638568901563
ADGRE5 129 17 0.0237773357133793
CLEC17A 62 5 1
DDX39A 64 4 0.582385616900682
DNAJB1 56 3 0.110330848302551
GIPC1 48 3 0.812461459770411
NDUFB7 24 0 1
PKN1 145 10 0.198973811046078
PTGER1 59 8 0.75518649199258
TECR 58 4 0.6122997238571
ZNF333 126 6 0.0990968717242464
ADGRE2 137 18 0.199534101661453
ADGRE3 110 7 0.569899405992258
ADGRE5 145 11 0.784540716886001
CLEC17A 56 4 0.726717879807416
DDX39A 66 6 0.835952762181029
DNAJB1 50 5 1
GIPC1 42 2 0.127354339940202
NDUFB7 20 2 0.359067058261102
PKN1 159 10 0.0692203992822295
PTGER1 51 5 0.192743185544007
TECR 50 4 0.409740459011016
ZNF333 137 8 0.838871249917177
ADGRE2 162 13 0.647150101106862
ADGRE3 120 10 0.36235960791104
ADGRE5 132 11 0.591936491299917
CLEC17A 56 5 0.157825642521946
DDX39A 66 6 0.470768065890791
DNAJB1 57 4 0.594376394971748
GIPC1 56 3 0.403387805989881
NDUFB7 26 3 0.0996609779333835
PKN1 166 14 0.89616926021526
PTGER1 66 2 0.323529017066952
TECR 63 2 0.00412829848374152
ZNF333 123 9 0.53657515477883
ADGRE2 139 14 1
ADGRE3 117 10 0.000655473415912211
ADGRE5 136 18 0.216129568973353
CLEC17A 64 6 0.785191569258714
DDX39A 69 5 0.594146616676579
DNAJB1 60 9 0.79489302294799
GIPC1 48 4 0.743583110037143
NDUFB7 22 1 0.684455815152048
PKN1 144 5 1
PTGER1 52 6 0.183997344447756
TECR 48 3 0.266268937193886
ZNF333 148 14 0.0979392193487931
ADGRE2 132 10 1
ADGRE3 112 8 0.245149259618494
ADGRE5 131 11 0.422364794735832
CLEC17A 68 7 0.743664982639924
DDX39A 79 7 0.369861565491696
DNAJB1 68 6 0.802862355633203
GIPC1 57 4 0.738545820634365
NDUFB7 19 2 0.86732581127426
PKN1 158 12 0.482195105814756
PTGER1 52 6 0.0520184539210825
TECR 54 7 0.811604963423618
ZNF333 133 5 0.185400307171581
ADGRE2 140 9 0.409763310911813
ADGRE3 111 8 0.86813000099874
ADGRE5 121 11 0.160010798113494
CLEC17A 68 4 0.720735960165607
DDX39A 63 4 1
DNAJB1 48 1 0.994163911441127
GIPC1 58 4 0.595598575757544
NDUFB7 24 0 1
PKN1 151 13 0.0519404014570282
PTGER1 63 5 0.13027852555976
TECR 47 4 0.0460464039250005
ZNF333 151 13 0.594025074235968
ADGRE2 145 9 0.779101142795301
ADGRE3 109 7 0.0218286380704433
ADGRE5 130 8 0.658819360707574
CLEC17A 50 2 0.775993498820345
DDX39A 73 3 0.623261300019131
DNAJB1 54 6 0.286383262429813
GIPC1 51 7 0.648752724618053
NDUFB7 18 2 0.850518678522031
PKN1 153 14 0.627256570032905
PTGER1 64 3 0.416454768774667
TECR 55 5 0.020207361128749
ZNF333 148 13 0.218437757808327
ADGRE2 156 18 0.0963312394701775
ADGRE3 100 5 0.0979063451638902
ADGRE5 137 15 0.314337657645368
CLEC17A 63 5 0.248171576432982
DDX39A 63 3 0.799119212757842
DNAJB1 59 7 0.648863185080694
GIPC1 70 9 0.83763705825505
NDUFB7 22 1 0.190427961199674
PKN1 160 12 0.197879063093004
PTGER1 64 4 0.492824230072818
TECR 55 4 0.241473240457367
ZNF333 127 9 0.909172250100316
ADGRE2 130 9 0.277154308969919
ADGRE3 101 8 0.658968901236175
ADGRE5 134 9 0.671014015052207
CLEC17A 69 5 0.148099671280044
DDX39A 62 6 0.664698149315665
DNAJB1 54 7 0.193847048844723
GIPC1 45 4 0.877796237244939
NDUFB7 26 2 0.670013817604439
PKN1 162 11 0.0696316487190861
PTGER1 66 5 0.615707620888921
TECR 76 4 0.419529947596995
ZNF333 132 10 0.0774971313345105
ADGRE2 141 11 0.0663178450261719
ADGRE3 83 5 0.796960061614427
ADGRE5 141 9 0.160602147937134
CLEC17A 63 7 0.611832711101592
DDX39A 61 5 0.177175998332234
DNAJB1 66 5 0.157819521535605
GIPC1 67 6 0.0566594158141477
NDUFB7 17 2 1
PKN1 159 14 0.804461545999363
PTGER1 66 6 0.247755860092052
TECR 45 2 0.0255509325570831
ZNF333 149 9 0.541471459235961
ADGRE2 133 10 0.0293442721996749
ADGRE3 87 7 0.515397316432179
ADGRE5 159 12 0.0493016611197938
CLEC17A 70 10 1
DDX39A 86 7 0.344332472651726
DNAJB1 50 2 0.330718026236373
GIPC1 44 0 1
NDUFB7 15 1 0.270671462444522
PKN1 161 13 0.765013301502985
PTGER1 64 3 0.580646743273742
TECR 61 5 0.86311620671289
ZNF333 138 11 0.483524994598473
ADGRE2 134 11 0.569852028131355
ADGRE3 117 6 0.0912107972201186
ADGRE5 128 6 0.426391254987104
CLEC17A 64 6 0.814736853345821
DDX39A 67 7 0.530405697105281
DNAJB1 56 3 0.510444259148585
GIPC1 53 5 0.795784942240878
NDUFB7 17 1 0.656882791187691
PKN1 148 11 0.293036612546126
PTGER1 79 9 0.5794578134052
TECR 54 10 0.464150305366646
ZNF333 131 8 1
ADGRE2 136 15 0.64640363888763
ADGRE3 110 6 0.198344009548395
ADGRE5 157 15 0.443121194386515
CLEC17A 69 5 0.439740973600112
DDX39A 67 5 0.818297131299979
DNAJB1 55 4 0.729910458272434
GIPC1 65 4 0.885750844972426
NDUFB7 23 2 0.440347193862497
PKN1 151 12 0.598032048253935
PTGER1 58 7 0.300674929185234
TECR 59 5 0.802919059520831
ZNF333 108 10 0.3738029719454
