prox_p prox_int_p prox2_p prox2_all_p prox2_int_p iecat_p skat_int_p skat_ext_p skat_all_p iecat_p_syn skat_int_p_syn skat_ext_p_syn skat_all_p_syn
0.783532540542485 0.508244394523359 0.417509832817196 0.531067098993144 0.459003362032712 0.313825970206864 0.417598349198021 0.587469797134608 0.797351648802245 0.317461925432999 0.405559791039308 0.287221055211685 0.302139984379033
0.205852561698717 0.129703917074351 0.984730494566949 0.384226827257487 0.307611134120386 0.279171640433271 0.576856834810963 0.0614442070376128 0.092600295878087 0.26520279453761 0.482767979400846 0.216262720995671 0.424640055410064
0.497105397482028 0.265842268155977 0.408062356020725 0.177318438037411 0.1708287958599 0.404852427604019 0.333152400633246 0.416765042527261 0.21631761434767 1 1 1 1
0.554306560935653 0.5430726021986 0.556819960209404 0.909809646433652 0.905255057274355 0.777817362894967 0.594281179921587 0.347890172814439 0.228941582357647 0.426580312287724 0.352233929720695 0.880000817145576 0.755614516852407
0.870778692045776 0.744654597765947 0.812620556380981 0.403608324831011 0.504408701183968 0.371304036744952 0.471399856485876 0.0696080577920747 0.0881804037870048 0.376062243330305 0.369188737867193 0.332620798384648 0.130241510446619
0.901870059786443 0.0405854334234164 0.656091159402686 0.0183040814138588 0.0205844981330976 0.749711793346874 0.815689166205126 0.352313638752849 0.623258681116308 0.0553575634401123 0.022890033553279 0.282991382043471 0.109244602150397
0.00109816385225302 0.0926023251020421 0.102694001677704 0.260108188660507 0.207182805070474 1 1 0.796517427432801 0.699226232342948 0.0921995297291148 0.234960928358544 0.0235864905267597 0.0190908835892963
0.591233250420257 0.548576760010618 0.829212898781498 0.826520743172594 0.862294192881659 0.409856914405641 0.434691268060806 0.618650616731745 0.473457905610125 1 0.582162087048306 0.913146588891742 0.598789531205827
0.726853293558215 0.327983808849352 0.816558485178106 0.736816864721173 0.734121535997927 0.090318223855267 0.18746930170379 0.0263874317128047 0.0620081742136505 0.0828726526039519 0.349437990214709 0.0118436645296454 0.00636154791148025
0.463378806479462 0.026775606095602 0.281473588652512 0.077833968589764 0.0798851202883443 1 1 0.282361587825406 0.565283252993358 0.367272246909507 0.476759427515706 0.0452765653104035 0.0326854782919693
0.72271753758482 0.0197486287385021 0.539673001847534 0.0704402408557436 0.0976316307386293 0.604637658003514 0.654370538394657 0.515445321589465 0.504862572327863 0.811933356924669 0.618037008196178 0.888475359167667 0.69034606839962
0.441585086537963 0.128471586137719 0.877491057064415 0.146134293919709 0.159719731464985 0.540833257087974 0.586304676093728 0.703696043600168 0.857738535638817 0.13726759651959 0.120860457853123 0.837376833732989 0.705244836326009
0.0334432769124513 0.619673025796196 0.0355813108013023 0.875508916053611 0.839682487253303 0.91035822938273 1 0.231011362091589 0.718140876698005 0.773597088552027 1 0.26990856872195 0.35416026694788
0.540087290299419 0.146675904421191 0.711406556299463 0.467869514457685 0.452812550531776 0.169228571208733 0.457693182234029 0.241033175787984 0.113539451330936 0.296564685548858 0.225908826170578 0.686891254385135 0.433408847306864
0.639781488623027 0.346019161576433 0.884775652446819 0.318353821924847 0.313698956562366 0.408282765025619 0.56722657041464 0.7795254570974 0.575668419118232 0.352583255333614 0.216247876939014 0.614274170590404 0.618745665871466
0.0754572261228139 0.414520952469827 0.163057929077263 0.6145107108356 0.739760043586928 0.674318296366771 0.740339183990372 0.537924468774202 0.803247575151967 0.214151345836547 0.285600670161398 0.344596039976866 0.242494089975161
0.0818319381656323 0.1185893244716 0.106963108090664 0.425649823842647 0.451623091825661 0.333705947240015 0.341093490800055 0.310414486173053 0.351771562923221 0.301597140687964 0.44094848704254 0.524319310828338 0.365651551207851
0.0677360351983269 0.351358411988538 0.249266320835716 0.65926371232087 0.659263712320854 1 1 0.926796972635692 1 0.241092823742849 0.205361234386865 0.033703598796075 0.0444441985952929
0.907966856497816 0.0380577113846587 0.352384823331586 0.118161192533446 0.123256768187047 0.606464205176482 0.582538523568555 0.340636721176102 0.342307547567035 0.905160395358316 0.60900866095632 0.209241141057429 0.555737444958486
0.565451927674278 0.383952887716018 0.922594224933986 0.224700481380605 0.250010738164568 0.826355378722089 0.777842697120708 0.365741164513237 0.315229211622535 1 0.734565432035812 0.623172245532679 1
0.160593997364776 0.313260657259909 0.155719797854027 0.560517393107089 0.464900758015293 0.90734478446016 1 0.293106229882807 0.346887412870289 0.863420365632772 0.791080119067401 0.752420598077439 0.835876559006627
0.432862803550113 0.34906333231508 0.942015182558413 0.274688763005041 0.237927529086432 0.356640014531281 0.213776140997443 0.166400151334545 0.0553270402089053 0.845245394804813 0.918809830442151 0.482215180139488 0.582094644270429
0.253464698536926 0.414063078239292 0.746900823122826 0.476690917386826 0.648815090892263 0.304698149868957 0.310955752150268 0.33583263904505 0.480336012463236 0.48321384209898 0.349850491117673 0.347749336320925 0.328564985109423
0.970535331053276 0.156315506913082 0.755095327874942 0.312436495591629 0.31243649559149 0.324972665973701 0.467548523002282 0.566346090501185 0.729532352904021 0.727108663142549 0.51335396834827 0.488875229739786 0.364399246769006
0.0141192856034181 0.126045528372161 0.261218382926458 0.571060737604344 0.571060737604287 0.00750913621902993 0.0248954893328338 0.0265731501761586 0.0131118250859117 0.878638038441086 0.843523075314523 0.902934275160726 0.827568572599197
0.00173581225264995 0.00908486772578872 0.00634142319650971 0.00872369310150375 0.0100455220613434 0.903056640515606 0.885681523687691 0.201602016116612 0.262191200271969 0.00463061131712894 0.0118546469977767 0.0486942914341822 0.0138446054598732
0.997696415800755 0.624851619790704 0.905483027232634 0.678029204486646 0.685728458488458 0.72969087720453 0.463622213511091 0.86220309216999 0.90094433286288 0.130258189302507 0.416746630475566 0.234820760959557 0.148294815370145
0.195522007549125 0.660890081143375 0.291404317966946 0.837080837849826 0.915582387213253 0.732368283015717 0.907936920504645 0.832322439193256 0.92840999324165 0.660594650667106 0.91586032844975 0.569362566809417 0.765418575891562
0.357630192392487 0.825398597398024 0.224763082654794 0.540709626710229 0.609128281263928 1 1 1 1 0.671176933300707 0.72730842800851 0.208378114951266 0.247988924659023
0.420479228715097 0.713578066804066 0.459035261835768 0.822248524883739 0.645925257470847 0.772926295594396 0.835878249213077 0.827159404553021 0.819701060398127 0.908787731033011 0.759082483215862 0.680468611558751 0.765905451806457
0.931245695673089 0.507466378179247 0.832080877333932 0.80972785980654 0.905233516219784 0.906428607581846 0.740367119532126 0.209894940443967 0.203231470049682 0.141285846941862 0.256794451149324 0.220135847072475 0.175247013734189
0.532649138684997 0.0856406873036495 0.895438942032251 0.484340361159257 0.474188399848341 0.356379506154942 0.409818202978694 0.0797059385662481 0.00984372013921953 0.218282728469259 0.247893992560336 0.158882446327408 0.105391872658624
0.407847143403531 0.783755667722794 0.890351936330806 0.827926669860724 0.823933962417619 0.701363723500731 0.634679170069224 0.644459662842444 0.562326186394204 0.788210360996239 0.806141969561909 0.730926231169387 1
0.880025068100036 0.472019240108539 0.971797089374324 0.46043129918197 0.460431299182016 0.696429880083925 0.830434549043066 0.328163113880012 0.360865984827285 0.242848165332334 0.318915889557156 0.628864958640493 0.341265628159199
0.302029104768627 0.142898182928085 0.521856531926948 0.205131084519331 0.197757488392347 1 1 0.672452273513581 0.434334574242148 0.219074552114331 0.295266563519559 0.796310617451589 0.787921831281112
0.366439437403838 0.782307172791369 0.402160687148342 0.858807396079193 0.769166583349047 0.453660606209294 0.654656316098152 0.480794964694911 0.630082885573887 0.382969382493675 0.49686016831603 0.528201511438874 0.4329722555222
0.269785435358151 0.653982326372046 0.36061327993817 0.753423986537602 0.620034377200161 1 1 0.436510853779778 0.784423204946758 0.867441023969044 0.633766237012481 1 0.807576736632972
0.0534655747273712 0.00360824214388831 0.148611526851784 0.162209469616346 0.117972061962663 0.825552450538249 0.584864816348811 0.436692091579221 0.426020060754076 0.140018576706037 0.150685729290887 0.566017356516049 0.419986735020924
0.986052528040123 0.218908856490662 0.644578927652196 0.520045655464975 0.468494683377979 0.171593480971805 0.41210234385345 0.270204116819684 0.173736568137613 0.656547824745046 0.78426074452916 0.572879551157622 0.77409688374449
0.364693252114467 0.243548746587567 0.527122249737807 0.532633490954045 0.468423112552391 1 1 0.832749618251866 0.930128871254642 0.721491178681739 0.881467990686716 0.462173049865925 0.471910559786277
0.651434120730685 0.706428131853631 0.637863953197817 0.561946190957434 0.586045134053935 1 0.878814494630352 0.720437970470736 0.665141513438254 0.191798041312527 0.385392382851717 0.320932141782858 0.360436572770599
0.306535124231543 0.377036238413557 0.369555470520294 0.502234806126196 0.482773946243563 0.648988763642863 0.826046646835668 0.752923069753987 0.90454456007104 0.250418257372717 0.207198179124528 0.348631585567399 0.46449434008687
0.0721175605372243 0.0601418620208172 0.137215592076167 0.300836460748241 0.300836460748201 0.907940521395412 0.892662448766066 0.320182328568878 0.573384693854407 0.504370759185738 0.552006624188948 0.648137120891652 0.362400921217932
0.582580441779157 0.295806242397986 0.839996893160503 0.241183718976418 0.27503108942145 0.0176879463975312 0.0175255153499709 0.284591474251931 0.161059694295239 0.570866623872759 0.775954115859549 0.211675768827907 0.299821578145773
0.784167689414307 0.543130601942599 0.625212486669456 0.994528081877462 0.959247866279052 0.712898873908719 0.784131931222012 0.537219544460995 0.471795435379582 0.936723576995073 1 1 0.924150588938577
0.100536210710298 0.972644876963643 0.60690784422945 0.606940497237272 0.674984577661918 0.530025962241482 0.67738657032349 0.563412436977974 0.584976893037368 1 1 0.348499565103998 0.636225899331015
0.0673564426127919 0.647007533256444 0.498762993736147 0.989487348616957 0.995504184741169 0.0214331796981939 0.0934278759894355 0.0618356676064279 0.0280268885264667 0.298525538605788 0.242895675779017 0.69211832584727 0.460365658902524
0.190734100869804 0.174260278775901 0.479129328212854 0.469149842758092 0.565740635739517 0.255537214777638 0.312357092224497 0.297915446991931 0.574328669873724 0.281054064966114 0.550961351904072 0.125108186720352 0.206221191917457
0.717467707973265 0.742138094716316 0.609224080100959 0.402720359028212 0.426369822212495 0.285660570279702 0.0782141830283398 0.729587825618755 0.353925504315017 0.640845018731665 0.439021969781087 0.642724700247393 0.71264012715744
0.129730544225103 0.924058271396067 0.0143476577115135 0.594843192214168 0.554004016837323 0.6107179671643 0.391545561419263 0.171601567156775 0.357676009229618 0.80045933679923 0.866036272970562 0.155500940656076 0.272777432588666
0.640876296375245 0.477637348350308 0.290853191042425 0.414819393632059 0.290004930406106 0.583570341320731 0.882233165106193 0.391849725443831 0.645015943879547 0.850531950809083 0.787266830970089 0.886751895749545 0.747969013850485
0.320890967310985 0.162447632276754 0.379074289762216 0.880235451336852 0.794136889463011 0.135185055994814 0.315772994731798 0.313378261385245 0.124209692585599 0.755609994397263 0.897772300067741 0.716055746924328 0.85523836502468
0.799686612912466 0.809816420406049 0.779817780666709 0.636848384523885 0.570934242417994 0.707926199517025 0.662620901899185 0.925464100656224 0.910010942860265 1 1 0.606214758494299 0.860215024029975
0.849919014764195 0.465258863568842 0.413068174798484 0.766537690364022 0.765515267238193 0.237333239335225 0.303517647568744 0.900070811062978 0.680385960992904 0.420965998937062 0.284819903136771 0.386471462040977 0.320008181028211
0.168770979953827 0.565732018323478 0.127683818051432 0.833505933487345 0.845637282137792 0.364781398573922 0.64559933809952 0.47215694072778 0.753084038743114 1 1 0.502898133760309 0.577510978154565
0.468761409430985 0.543500266566696 0.493271593693626 0.968211222836434 0.972130215962546 0.933742239471743 1 0.393343085178978 0.439267243041573 1 0.913422523289674 1 1
0.329320528213476 0.232397163914502 0.305544309931251 0.212193426830378 0.187300106585217 0.110126752692632 0.20682113394288 0.329239631332092 0.530196372866606 0.126622361451672 0.0466191493738116 0.685403034431486 0.492471794935801
0.233134650579892 0.0857963483435974 0.276941849219745 0.502816515668739 0.409738196230614 0.32733780813093 0.190075472345997 0.377000176915185 0.318067156832795 0.209551293623218 0.418251289160048 0.0506979087811926 0.212415442800357
0.929692549030166 0.321488595077052 0.824633439675346 0.477377030559093 0.499781928931691 0.27046219098146 0.492925217479509 0.515529783843502 0.743879030616884 0.420372549902285 0.331195142698169 0.497313988416675 0.547385342313784
0.282134105789232 0.427869356849771 0.933165260251735 0.337130362766456 0.336406059809315 0.536392353017012 0.715833887629081 0.671517777004632 0.51745616024722 1 1 0.82569669864689 1
0.1292437858859 0.0667684478389534 0.0218130375893504 0.0148723756455815 0.0157381806946178 0.344296067230293 0.31901695148899 0.113597955042098 0.149939197955451 0.768274896055327 0.778882425556842 0.240836978306919 0.095170507341357
0.341213342522395 0.941497640849047 0.421015816752507 0.552303064941896 0.651903695342714 1 1 0.669162744452188 0.367496531217818 0.885950409297837 1 0.882413157349737 1
0.506199106859779 0.385670378921539 0.0712684638788731 0.366032604148247 0.366032604148262 0.658167425681791 0.701362064491263 0.465187476119512 0.482128285947684 0.802260587788418 0.727446256742853 0.283224220454363 0.402912532126295
0.0822242622390858 0.555738297572867 0.0890340646692084 0.188380364293849 0.216501674769289 0.0643524219011999 0.17958912312782 0.0132946713677227 0.0202818353117742 0.618131903700738 0.302055695707211 1 1
0.745009150943787 0.619699010560902 0.39428058571655 0.568480250082286 0.540085335904853 0.524714132668143 0.852323618560926 0.62231050226189 0.562969239592383 0.39463698650459 0.268394209760801 0.689822100744192 0.540126472825792
0.422614008958952 0.416359206514716 0.328770180115301 0.454474475734586 0.433255465549788 0.864739962182919 0.833865684698802 0.89085205276102 0.938308425054814 0.633012754631417 0.655675710502616 0.211570382279837 0.296788380481456
0.137488260632586 0.665289261209936 0.381939575334667 0.705642048004838 0.849393052647353 0.728487585501743 0.922606834640574 0.360780727302053 0.673305957032588 0.902766249237809 1 0.30388720926164 0.785689925407802
0.56457726048336 0.163957701339712 0.819140936753641 0.457801325483863 0.442309950624784 0.395338167277778 0.531052299697799 0.632188305249149 0.710198833249732 0.500185137852204 0.619353222114497 0.58285944689281 0.568620702165802
0.523478092216887 0.610445785822926 0.856649279166886 0.881815538922633 0.881815538922819 0.654993983915005 0.783375541144677 0.750744487719375 0.803303320892442 0.238860758095945 0.433409401835428 0.390577740586248 0.236841407679547
0.705472271221214 0.66760672884469 0.645081296152477 0.89238367547245 0.831317087521653 0.586034121971106 0.877418559950734 0.536238654664176 0.495851488997025 0.611329015021353 0.729095007764641 0.765849707753012 0.7663345008561
0.39849125038901 0.00314072225297957 0.345711846341043 0.0266375624758802 0.0248095922430587 0.00274061535268066 0.00681389546815092 0.31289812232427 0.181590424032022 0.40033617022886 0.533723429525253 0.815652205810559 0.513690688410234
0.533538803426428 0.517105367284869 0.516882061896305 0.896682096653164 0.809625814959962 0.871521212127318 0.911404132430535 0.671697608110282 0.632825611550059 0.693791865941183 0.773861484961536 0.67444934998223 0.6190419447825
0.976735256909537 0.297102266675351 0.877589623640381 0.994221597707133 0.994221597707043 0.910952968254765 0.837357536099857 0.102126572078664 0.179930845917413 0.539811249838349 0.453821529080867 0.168789408528804 0.253370268501149
0.0263386177859175 0.311684688675268 0.359292294125997 0.668419361236984 0.665721347857917 0.683284704986154 0.856136793516872 0.3051475359923 0.295040357905281 0.239717238617455 0.469749257562565 0.35000250810967 0.264268004137406
0.260692937097665 0.290433135641442 0.312082313988358 0.184792565232578 0.184792565232736 0.428449172817807 0.60973023570343 0.269790105042195 0.324022035856458 0.542161428045482 0.246826274127378 1 0.858249654104613
0.879877862702396 0.134610312531532 0.491746893422249 0.217625936061505 0.216898998344706 0.286848603015212 0.13609723998364 1 0.869470420722228 0.325868876928648 0.490679522836496 0.537924393106048 0.53183265048732
0.0322360045466985 0.793876887339196 0.0231292948723568 0.787080092853039 0.787080092853067 0.0735766287363927 0.156418196096713 0.874568262581219 0.773673304125426 0.829341853367831 1 0.0294257573546667 0.207553698475822
0.372805254856973 0.427393092629392 0.208634698396665 0.416602349609895 0.410847547239849 1 1 1 0.797929473815647 0.728447703663791 0.82644791032816 0.198343630968301 0.407302410031985
0.729664699799779 0.405982639948719 0.471805116887916 0.606810908292681 0.652093309770044 0.393216411399675 0.39933019207601 0.619381279426596 0.579849227011031 0.333838732371439 0.690347190660571 0.405160920248842 0.519580911085429
0.526250298756601 0.32555175550958 0.754132531852187 0.855671584490702 0.855671584490822 1 1 0.502906114338589 0.309322807047486 0.762970728948174 0.619698178736964 0.92077826860704 0.938229137636302
0.357251691157334 0.0165991106355122 0.900458970194428 0.0623152532626483 0.062992996221218 0.805306715678947 0.611538811982525 0.714248018392934 0.62653536624097 0.343185940978546 0.122040182742065 0.906690749016223 0.517953533882297
0.888177622062832 0.346397085853075 0.325355950095772 0.82434964595967 0.842796979635261 1 1 0.115554232458816 0.0932261859342363 0.332817774040912 0.222166732031035 0.451204697988234 0.733953482246528
0.0862138195265388 0.544316717775294 0.549895072750351 0.954122671259162 0.93930136992598 0.602347358221434 0.751031818304279 0.32806685331478 0.480105623769458 0.915606803511852 0.928684580207609 0.682798333232381 0.785930902774929
0.646809631551592 0.0511170626704058 0.607947019586263 0.0503785047120768 0.0643307390273525 1 0.899728194727904 0.173820977458375 0.0230500235993412 0.758529148922932 0.819702815954363 0.39330695266129 0.556938647842301
0.932217113588313 0.0765985846749117 0.464295661521381 0.0392868004816768 0.0303152447690099 0.0655483364254632 0.138840087135412 0.852062213576899 0.886096842773392 1 0.91882919930681 0.379384422340164 0.284401896368365
0.604609217906052 0.813856946434022 0.3770875265816 0.466291492120644 0.533949696688485 0.910354378602827 0.746531092656996 0.301199287557851 0.348360723731006 0.270225430534016 0.187363695996655 1 0.90797663137516
0.11497708930688 0.926309840408653 0.236653159586116 0.616529876219164 0.623380062154509 1 0.895197711180292 0.363494640099534 0.639724753327371 0.309796378736458 0.237347795114494 0.41061077442135 0.216323919474078
0.685392077513215 0.947591778302792 0.31881430934458 0.394999409726931 0.39848459064825 0.463394952105573 0.50402285932283 0.346654707812781 0.434977301065571 0.420260282908864 0.454987724692823 0.800458121964356 0.692156319084388
0.0172677204621693 0.0144911836017369 0.028574071757365 0.01238108217261 0.00897197906695943 0.286702494155407 0.33713711817392 0.89570516078535 0.830302104286045 0.0224039431752235 0.0492504198721954 0.0332690936679383 0.0133424103508583
0.519242299753259 0.590712834166634 0.865076166092312 0.578819914148849 0.584804877911735 0.805685485454908 0.930887350870433 0.732107864002653 0.88546585408147 0.575434034045882 0.729318879191951 0.743991164922825 0.74142570362015
0.891015670963726 0.98197689044103 0.873605800723664 0.701792840621959 0.663014881230722 0.384038890412684 0.703724373802136 0.389016624807886 0.334515675479491 0.62148344892559 0.338766865762083 0.445467308853899 0.299790709810424
0.851992368484064 0.24256031348858 0.943987261336341 0.24836259656271 0.265641106492696 0.260544099963733 0.165344029230198 1 1 0.268114396725263 0.306928139420857 0.377045109108948 0.355632341720288
0.501166565214117 0.586270086618174 0.934917015547256 0.297100891669159 0.271035183040211 0.266333853017835 0.377465023760031 0.878570594439724 0.695516381559491 0.38663013651169 0.442704851455937 0.421694477708711 0.487398833461857
0.00585262857134384 0.0960892908137245 0.00548645778523607 0.101133060204053 0.103176023827201 0.759261894953645 0.78964991081082 0.0718920971046404 0.091285070865214 0.0871236545801904 0.239054567998279 0.0399651532712606 0.0677719722986897
0.727955735740786 0.678664861011051 0.899111769876287 0.79144560096968 0.812666130956231 0.766753490252673 0.659332361657894 1 1 0.461655665480317 0.477361214401558 1 1
0.0709673432546789 0.928192616171151 0.251513089969038 0.818411550018743 0.818411550018741 0.509392930630564 0.655446658949386 0.918357254548853 0.833487558865026 0.365702705558799 0.679129389307898 0.386696073563453 0.508556947953006
0.0758405616944342 0.774366885282728 0.580722865829165 0.698865905931671 0.840633389114782 0.207279979181244 0.0771072296641897 0.342768442567333 0.154601483065729 0.842943489169208 0.421406984744225 0.17735144095577 0.183849063811472
0.169692474995186 0.423484377892169 0.611952046685988 0.894327113985378 0.857989006293985 0.366680602501762 0.179603714817353 0.437983763668706 0.217830353513843 0.740335247531662 0.717037284067253 0.534807623057112 0.541391789609704
0.410218779687928 0.290122053001258 0.530372679657148 0.699304037204304 0.638451981905007 0.814528550719487 0.72201987153846 1 1 0.540716412562715 0.678372241575486 0.402513389188847 0.528481952077202
0.634815690264517 0.321920703314148 0.226843270126498 0.186515896708116 0.186497680732021 0.318443741865283 0.467797982560333 0.161475589371159 0.166398509385761 0.410018399735613 0.447347985414623 0.859166268553482 0.645553177970626
