ADGRE2 ADGRE3 ADGRE5 CLEC17A DDX39A DNAJB1 GIPC1 NDUFB7 PKN1 PTGER1 TECR ZNF333
0.285623897247163 0.824855254304268 0.863756691577149 0.163171324237718 1 0.635766525871824 0.521012458645038 0.436042928581199 0.0536325151852538 1 0.202885361635649 0.382884943953651
0.144525581618102 0.610612336803317 0.641961972572938 0.124814470981198 0.645287416351163 0.894424482156147 0.414442370834971 1 0.5821489522704 0.411937405697197 0.345896507578114 0.282999062857188
0.587456985047395 0.250203794258296 0.397533982409182 0.831572453530054 0.288298084766704 0.667559939841239 0.273350601867122 0.840539524255156 0.139326615651736 0.337680778984918 1 1
0.830744769581375 0.705039140673572 0.672931381213667 0.259887303173981 0.46950544778748 0.367910973969799 0.273350601867122 0.839545837987242 0.595867499575125 0.824066969653066 0.656882791187691 0.822131855449438
0.706713480107945 0.778601972888345 1 0.244733661759146 0.930114955158999 0.262534230483737 0.809485241488049 0.684455815152048 0.685386881923568 0.244973252172875 0.0419125061041344 1
0.289692381389652 0.155525559108194 1 0.0849618403465946 0.187484629429563 0.634351839761242 0.593276790813075 0.777634534811386 0.686019839142073 0.105547978271251 1 0.247889776643688
0.523874662978117 1 0.00702715646871122 0.641200998020439 0.491764506946104 0.744422774038715 0.0768026618426447 0.406489142492406 0.859585292700864 0.384951017406033 1 0.464586444696525
0.713195475011405 1 0.68552571645859 0.778513719640436 0.40147972251709 0.695126594262572 0.0790931647256686 0.0295999330014161 0.578251274809055 0.906200482329244 0.733233773862575 0.674608150643657
0.274396049949402 0.647664940995687 0.0708503955777358 0.729210683630403 0.660732427791257 0.655771496328029 0.282118948835067 0.297243712993981 0.564073845029784 0.519048453976621 0.625397285391063 1
0.615606559353721 0.500249647983813 0.264014362307016 0.381975275659231 0.437604865435424 0.127686170108075 0.792281045091572 0.355050680199562 0.846930965063008 0.798586411208059 0.100107920237641 0.375914575544117
0.40134448626353 0.139478844939597 0.362276086697951 0.233706678370821 0.622042447837585 1 0.458169653346634 1 0.742176709443596 0.505896187412837 0.281525590430753 0.850342619900729
0.0486797516227814 1 1 1 0.761037339259142 0.514927507597819 1 0.674994708913657 0.607704388004668 0.843190736857725 0.499448690317245 0.34646633470196
0.4850125596767 0.757196941709 0.884093899868142 0.166213887381472 1 0.458374744439759 0.159229812353373 0.779754433773557 0.385561712482327 0.510390102502364 1 0.409803561866003
0.0928170384693169 0.382342826576523 0.634865481861485 0.589672730580941 0.514070772241825 0.662359474422129 0.76456541641736 1 0.256318084435234 0.190443848787867 0.684455815152048 0.175375100985422
0.810619625561843 0.325395788144891 0.124669905226183 0.737049697363453 1 0.414411010049149 0.228374218729616 0.79566551486187 0.253725503016018 0.587541686214476 0.39818589567581 0.355325554018471
0.66648474474892 0.245013234198943 0.543882774200844 0.415965287318673 1 0.265083507743174 0.277956643270119 1 0.727966167949621 1 0.627929909974493 1
0.218354048850041 0.587326466257892 0.469568481208926 0.559315389034435 0.148978154753293 0.516676360599617 1 0.481470171802343 0.469723882076822 1 0.659700691220387 0.470003344476666
0.276555228427914 0.0837484034279371 0.0717038673083239 0.0929423862605256 0.589652486672942 0.708000729989531 0.341336404364977 0.0323049000263714 0.518007913226543 0.459381575833454 0.543937519236387 1
0.0871597523911446 0.343190480469134 0.282052551600427 0.824558186658875 0.835186236409509 0.665738169158179 1 0.511340487063199 0.697748011212909 0.385637234691763 0.304017812528986 0.428157303886397
0.0351745857119725 0.831904901465439 0.727412771753893 0.622626898134198 0.802702998114662 0.473572044839468 0.879329268703984 1 0.20792551179577 0.547514723369356 1 0.658639841842496
0.379402099621516 0.69183894461745 0.888380646769903 0.444375227670841 0.1356240408788 0.527076419742562 0.595041248298454 0.781652680471348 0.50980696153922 0.445192696952142 0.345683285192995 0.0424987155525316
0.126838663534871 0.289713699343035 0.719025273449698 0.910470875643336 1 0.221238904875379 1 0.800971098641111 1 0.0577024555100543 0.134562585848206 0.758825793978658
0.85886784150139 0.309753316178821 0.373338373607044 1 0.710224324079958 0.653908189786863 0.508690647409466 1 0.11618162907967 0.838286881028912 0.730235579020664 0.258823687989563
0.622073542845221 0.57118547428718 0.203651681303609 0.075866695577491 0.833455396589488 0.566320256998079 1 0.182822449747885 0.736765827821382 0.18489957960484 1 1
0.0346855054187124 0.652026975511246 0.331461140496031 0.615624295751103 0.0140169850708387 0.269695406460219 0.762276093641299 1 0.0417486128975394 0.510825072964873 1 0.802557862857001
0.814285954138483 1 0.738679479402117 0.40131193701303 0.722917126030551 0.780300427104553 0.766535959692816 1 0.793839122623252 1 0.165649080275151 0.309918960906314
0.159885205166639 0.773283252234228 0.779751477036094 1 0.379961711054595 0.15367622063581 1 1 0.817788932224672 0.66088359158283 0.811297417251492 0.858921169575939
0.328941008351973 0.0750992820895439 0.541255709861193 0.265169276822766 0.858179026147406 0.868212493518233 0.286251509036699 0.915227255638686 0.616744353608569 0.620703347866684 0.229653536361889 0.486719117195328
0.0273814062561425 0.294677475524391 0.304343805344272 0.600179286633851 0.373576440113161 0.283677224536717 0.0943632247063767 0.507745591434481 0.564858505818573 0.581151349228305 0.541103839658171 1
0.602186292231154 0.323695557199239 0.51119583825298 0.606727650703635 0.888500070205654 0.573692652855029 0.530829636688202 0.273350601867122 0.303369165595902 0.810011816336217 0.566811269744873 0.629101878566317
0.429771233279332 0.139567142473313 0.0494909423162606 0.846902165306684 0.324546713793726 0.0494381318800649 0.307838790330917 0.124147616389957 0.546486792441482 1 0.761284105105986 0.422983611507503
0.766445707982271 0.323097481173591 0.524862736928292 0.134638917728984 0.359670849346951 0.806135730971818 0.0686624528452283 0.515588793214792 0.528608708887838 0.514923527258561 0.864369875917992 0.241718015742593
0.717569146617569 1 0.35306119802739 0.165649080275151 0.919012069972997 0.341336404364977 0.229746537745801 0.433661429754761 0.888092111513742 0.836618671810311 1 0.500988943707121
0.0748694302945945 0.710729420770285 0.653147406944437 0.297568061885516 0.440496224129647 0.561993426635064 0.544696920964304 0.326846063525448 1 0.369405523195224 0.0246299940988666 0.0975619718705903
0.801273578794064 0.849773603101128 0.100333044042491 0.874133262759204 0.800971098641111 0.178421815412542 0.535560554562693 0.566320256998079 0.667867467498626 1 0.498265239936773 0.315872722820354
1 0.849630144946295 0.909591474852313 0.232723069551598 0.0526283360266292 0.250008170668565 0.795959815289732 0.785260753501699 0.393703379811436 1 0.355050680199562 0.137779374800322
0.698069053636608 1 0.712209134808358 0.791132861915279 0.371809299638 0.277910937936244 0.837523281251708 1 0.138169692001137 0.694928895053228 0.329686701215904 0.324760998469967
0.147328447467206 0.641243515794077 0.190516326501498 0.803781712519442 0.295215238832885 0.921547066907508 0.857232282758969 0.061326716726977 0.346155290326773 0.455521219923712 0.685554626549634 0.76207157601301
0.621681146321383 0.222326913070647 1 0.676545273417595 0.700826133465603 0.887069101970755 0.58501215285357 0.430321137971221 0.179610255389182 0.637167837313778 1 0.47322481892858
1 0.268298094824852 0.119809653210947 0.419391593830926 0.370935553590331 0.863699220077324 0.0692898174315441 0.871342873755616 1 0.680682735474725 0.73652134544525 0.252087156844445
0.384040080196997 0.550257079789217 0.401995612057967 0.441532237226162 1 0.263325263646918 1 0.539503975580373 0.0550935184678707 0.486408480111422 0.851219547364828 0.870075053396511
0.681207277306829 0.805667811494218 0.103665645104323 0.567778330208003 0.678685968968583 0.161101867227256 0.802441039494362 0.256873373718251 0.840895859678386 0.329234322015685 0.915227255638686 1
0.124418772155215 0.00224959089246235 1 0.357725410154586 0.909689494458902 0.232027138131457 0.692724890395147 1 0.417588111661905 1 0.0542790283031435 0.922143091324209
0.611676907554687 0.600482971332438 0.703094526765679 1 0.181167797017182 0.523979066808899 0.823035338818521 0.755318072224032 0.855466452666659 0.399776742599647 0.463633642634589 0.442366837127742
0.879201131978158 0.629600518742194 0.237292035319204 0.0285595326721924 0.734579773242687 0.262659358473563 0.459087068802075 0.571626672105105 0.81603513926509 0.459688603300529 0.66516627137027 0.0987540923306274
1 0.766337893869027 0.755367804306488 0.275165385867307 0.476370021902483 0.0916099782770741 0.824701796253059 0.356985265958195 0.161987828082324 0.704602877866467 0.757282561891358 0.0678250798339323
0.512626404014029 0.338875725877414 0.0676658513150261 0.165649080275151 0.0297197296789622 0.859888641333581 0.640272288524984 0.36528758172074 0.743765221683591 1 0.305132341304193 0.560693151797466
0.737108670367278 0.106830748095992 0.211863195562656 0.389854460767651 0.74715802237782 0.435530860283748 0.411635766764094 0.873201926389639 0.0048473397140113 0.644560801109339 1 0.441008302922181
0.725913361464096 0.0631982156545483 0.295037096594676 0.177157770712736 0.252725698194695 0.530255904220957 0.250400270880089 0.370929036534682 0.417794516832607 0.418848978726095 0.206621979443202 0.558906768391998
0.171288983840394 0.214316728785376 0.136188354865646 1 0.738876274002358 0.481011041799657 0.698733830056916 0.813758163037805 0.791724711063899 0.551878979949669 0.35623214651991 0.22530118148867
0.769630420813187 0.598559074510531 0.0898376217620719 0.0848702697515126 0.785579938948254 0.628440558958286 0.858035865874018 0.758491393410097 0.524551438610794 0.159577808619046 0.621753423017541 0.238997015695927
0.419498200487925 0.191172335055776 0.165545341709465 0.121957573350644 0.364183683572136 0.527483594536406 0.059240194723592 0.375773443880535 0.627990922421533 0.761282106359249 0.660646775487444 1
0.406894901991025 0.707265765842965 0.728586926731956 0.281705090191333 0.692182846475606 0.344070660793826 0.27750917800306 1 0.265724043357069 0.149567192345206 0.708987811176079 0.557691283730929
1 0.0294048619881316 0.330649795612595 0.0799730192198211 0.364190252801697 0.320456430977356 0.352434739094019 0.178421815412542 0.857729778535901 1 0.00242354454280702 0.490976635297605
0.77716602196759 0.102507037472965 0.680926405265498 0.794520506506309 0.150703486303018 0.219390242592924 0.543109701237245 0.214935251756771 0.695912952693341 0.839220600873229 0.42416762613295 0.204367119985169
0.380835597196923 0.295525019912809 0.666535842887852 0.246246560706872 0.0917973644525733 1 0.233100395873748 1 0.578143242704375 0.607306432646847 0.594363350198578 0.746860194962107
0.285651339557851 0.300285545146319 0.461039109174969 1 0.807374618651475 0.752666384686312 0.591731071321402 0.656882791187691 0.66544933262363 0.152650090489949 0.106983506989295 1
0.231439729607073 0.769204715147282 0.270096176601665 0.396386534468365 0.282256075833295 0.521012458645038 0.549297801677958 0.262248799092543 0.548211771301599 0.645012438255606 1 0.418714417956666
0.433712307131251 0.911148590100824 0.787924623103023 1 0.737764291905149 0.73189578952654 0.301919141950915 0.545505168127152 0.890304162506764 0.743795110110699 0.521313738547344 0.469820306390045
0.387681785346765 0.1604016341978 0.852867704217871 0.301975406827353 0.580445616459835 0.0767840267697771 0.43334764119248 0.178421815412542 0.518015900080641 0.810593699953128 0.849074009681583 0.101997307010898
0.785353836141391 0.748823861430421 0.0314180496962604 0.288302074412748 0.426893516769078 0.96799484775127 0.445851224415537 0.553328324915952 0.467808028236733 0.0328740273684194 0.335345839692086 0.32128995688362
0.032769971513029 0.608447617319937 0.111441052683315 0.173511701946629 0.385210566708214 0.883461224293577 1 0.910686379926785 0.582095752957445 0.632975712567343 0.735034335903686 0.72221568171072
1 0.170533198194666 0.273498966383611 0.744532035238143 0.177365794766922 0.842416305812647 0.0530041826824692 0.803968140465734 0.398174638208823 0.75261977599582 0.815521392546375 0.866047290739251
0.862015760411734 0.470433067083751 0.28550782618506 0.667700385820633 0.833737489443062 0.168640600649064 0.119928744481045 0.308610758968298 0.598687112588259 0.229746506998699 0.339545435170897 0.822639740965863
1 0.188532786358665 0.038268294977129 0.850354320178055 0.502638271301985 0.19540540503091 1 1 0.663608432882808 0.06937733935493 0.78581289002414 0.371085383687215
0.508900165748839 0.918386823903904 0.330995930235329 0.691776389025413 0.648643214898131 0.0395338924953229 1 1 0.0470094100027418 0.620891366968527 0.886799738440553 0.59672076553138
1 0.518686899458616 1 0.656882791187691 0.354651991426673 0.654575226105762 0.29543889544324 1 0.0780784888356558 0.699795667329036 0.751524296387013 0.692732170425594
0.156855740988919 0.132895311475043 0.0834032213095823 0.642717079443984 0.757028196202668 0.420073479212831 0.145175195775739 1 0.0755813076714322 0.409534210169808 0.0744068933334217 0.181740820056273
0.75223799192688 0.82318906103523 0.0318003906614797 0.6621984194807 0.429094273018661 1 0.564565462691819 1 0.712912968332666 0.537943069883247 0.884285939143218 0.492678024410359
0.144906297913346 0.419319569965932 0.248409035140815 0.747140533843704 0.561149912569463 0.78277123341016 0.792570203476305 0.596545730308768 0.0699346645919122 0.923780517952725 1 0.521159489262815
0.273302475286738 0.243356192736533 0.715460652293993 1 0.805789990089934 0.974297217900601 0.588797147802162 0.229010227366038 0.07239829409645 0.729891836722134 1 0.773783695743702
1 0.866516317999708 0.71144598263415 0.41603532603318 0.729903524727629 0.506452984517302 1 1 0.678033573999973 0.423420194340884 0.140442533531337 0.287760467797409
0.780336433604927 0.583105888071455 1 1 1 1 0.641466280062296 1 0.309277517014675 0.565693207785719 0.534251055396201 0.573585645595777
0.716463891081986 0.837654903226877 0.0112519397829041 1 0.268048174761078 0.891288130932668 0.609987567654141 0.138609155491654 0.865828725471152 1 1 0.744418113837462
0.395486490662756 0.864806408094784 0.249489450284782 0.156307756814609 0.385210566708214 0.138769151419115 0.42592027370316 0.557083470312888 0.24758426931064 0.230880487827376 0.866575977739714 0.920219848523129
1 0.286537550532399 0.127020521939654 0.31962809285804 0.183281077244794 0.24315767759659 0.634746759896684 1 0.799209713133686 0.902943848764947 0.603939231069666 0.302292501033052
0.851219429667882 0.387340236201689 0.158304314556918 1 0.693808131864905 1 1 1 0.718693897261359 0.739347204527939 0.425151895755214 0.525498864416667
0.0579278362544688 0.115283545049167 0.832196708936502 0.610576193447148 0.765410885388328 0.479822255652336 1 0.288408047980741 0.805424835365911 0.390493900000213 0.663852488354425 1
0.600214477375963 0.477961094098412 0.0908672644321926 0.448588734780223 0.112940554645803 0.28615312508782 0.752335092980864 0.839545837987242 0.875322469744093 0.776092356685059 1 0.783491048550626
0.699369683150655 0.299410774542043 0.482431416259737 0.158304765067198 0.836161031811033 0.391734511351333 0.277722518665869 0.684455815152048 0.113442707105624 0.335157599346983 1 0.251851944695578
0.52703946505314 0.167851842440272 0.877500560989854 0.612012387847627 0.0246299940988666 0.293035387104013 0.117917176819251 0.137928651707679 0.895062686656461 0.645204759992825 0.0503335795521298 0.166995141763594
0.491534105784844 0.434537857789642 0.761127134223089 1 0.519239716332219 0.69926357361848 0.881848006170683 0.877440345931469 0.618789800367135 0.670506671422747 0.192984070224685 0.649310165490906
0.223254961381023 0.476713868907661 0.124704429285212 0.156513342083702 0.401526242192299 0.442567576650894 0.391395435168823 0.385210566708214 0.674072103733433 0.0455010145605074 0.0288118177564199 0.346059256164807
0.248794633897591 0.0836912697313259 0.193313039060728 0.145746233776609 0.630881746680252 0.668594822299536 0.741766023003857 0.751393741840253 1 0.0113901397041021 0.0873359870686862 0.32319969160966
0.193544572334416 0.431564613117916 0.133945570496865 0.0355654573372006 0.495562902030742 0.385339646766195 0.076865430514094 0.0811306669076836 0.209462790478696 1 0.0852732354265904 0.518020506538841
0.315556301095686 0.0742951745671352 0.286801040153735 0.793494581435661 0.485373417103768 0.606727650703635 0.754259322530181 0.237672552548014 0.69428221547783 0.600871313569041 0.838927686801939 0.513917475910956
0.450153453734724 0.104238181197044 0.845146500688072 0.376182619362406 0.81710463367494 0.288302074412748 0.650417846850899 0.0230902119873266 0.404643684169341 0.30236961624747 0.79979520161356 0.108899869248746
0.304604402834413 0.779582294961516 0.726741900124983 0.511555304841501 0.912135225301092 0.237937206566582 0.756428015727124 0.387552578529545 0.232289476424111 0.151351232072601 1 0.0158403344273765
0.276333353947132 0.436810438601676 0.841580755963843 0.527590764706788 0.521242284129106 0.507041744399442 0.338209438904136 1 0.0563465780582157 0.421139286020946 0.624227813049038 1
0.899338769723262 0.114071112659109 0.470807758726737 0.463207755318863 0.180679212063554 0.893153571884958 0.539823498498478 1 0.518692021502386 0.438230367627974 0.691444422556039 0.283950047687213
0.568578462711955 0.873290140287026 1 0.188887242166721 0.452872717485239 0.423420194340884 0.262765273344129 0.810321008119139 0.0694330701000329 0.797928087196838 1 0.16947359645832
0.603407153006537 0.52702666854733 0.223312876992901 0.656882791187691 1 0.866980256008863 0.55097092052969 1 0.355514584793126 0.768249796973222 0.35554587012208 0.687270076282818
0.507426691527013 1 0.0659882441776408 0.423188115010801 0.885935096550525 0.546532603160173 0.191269578391873 1 0.211830048653341 0.81220338752176 0.262671332343028 0.377037614897847
0.108608259673459 0.155254718991169 0.368533527447341 0.187128117434669 0.494338340736086 0.505513862131254 0.725084590659491 0.741473834469258 0.764694637997984 0.774380693210355 0.772508813259672 1
0.711727724350996 0.122206484131376 0.587626393975874 0.281567698922547 0.603818415590787 0.566607588724965 0.151212597264543 1 0.623710115051552 0.814467877361844 0.849499139777989 0.847062938212354
0.205700586915417 0.562237816596015 0.286495137934299 1 0.65897769303487 0.224610410330574 0.607768464664049 0.0591970692967035 0.337957333346552 0.644044921126489 0.455545060576026 0.166297885758611
0.153350671506448 0.37812705094941 0.31555295473834 0.561540833487498 0.846410500399968 0.402460755677837 0.930114955158999 1 0.177719110402817 0.0659206806940756 0.277410933995234 0.835062858872012
0.884846779032335 0.566648257929644 0.509691303569002 0.214935251756771 0.591647530372352 1 0.0475394056078799 0.705982298269899 0.577843241141522 0.666694602196978 0.78437547603181 0.607796837182597
0.472333748437415 0.628745053307905 0.910480142554975 1 1 0.482889421068829 0.860860545470384 0.64122062973968 0.866102096976127 1 0.520201298979613 0.752330784585998
0.200361862866014 0.858944221913197 0.552075150962035 0.436179569142749 0.270449224145395 0.0970467509766035 0.322363092781305 0.684455815152048 0.86431096323041 0.562997230582903 0.253829142936879 0.840483841393306
