prox_p prox_int_p prox2_p prox2_all_p prox2_int_p iecat_p skat_int_p skat_ext_p skat_all_p iecat_p_syn skat_int_p_syn skat_ext_p_syn skat_all_p_syn
0.338119724672254 0.988173068610494 0.337400155974779 0.964587610015488 0.98817305715856 1 0.82503574263179 0.171738467522997 0.363825376557192 0.330045367231218 0.623376427851382 0.207598130129355 0.234435296638664
0.85210017770651 0.981854651178543 0.852059983941258 0.847520150032901 0.98185476006822 0.568008458899141 0.887390403278466 0.281862748077621 0.43697083580244 0.497899371554552 0.654231601776871 0.244656886300225 0.29090287903984
0.981054921739685 0.368906436487222 0.981054003478461 0.344917088365221 0.369145100320562 0.154321073355556 0.192156376107972 0.268848033436868 0.194539478192111 0.250779346458609 0.207447313453953 0.5478151035457 0.274427474053978
0.686978659759516 0.537673053642811 0.686807549409832 0.581310913017199 0.537708626871208 1 0.908881922387366 0.468257899174479 0.738537215637042 0.265152071675515 0.648140784703403 0.385538500214406 0.620144909026414
0.661409755400712 0.0171326468055245 0.661629854113356 0.0172354257335388 0.0172354257335261 0.317410388729633 0.199440585589122 0.601848625492406 0.290198817911208 0.692140692653781 0.69666763102763 0.326537591728856 0.683776535033277
0.845344206209835 0.816856904106851 0.845305750096732 0.81685749231981 0.816857492320125 0.911133481815753 0.780730836912197 0.866165673887548 0.865270419055469 0.920789629797112 0.614729934109631 0.329043863066263 0.386472341943061
0.969073710702864 0.549971761889431 0.969071996363827 0.592812119050194 0.549971424303257 0.768878753512121 0.738937648515352 0.939014039024449 0.788812106554414 1 0.854348072384658 1 1
0.453857458625895 0.660380954996916 0.453409868198928 0.473449803181484 0.660402242759754 0.384602283414292 0.773266269913197 0.137488384618431 0.14954974531412 0.850786492162424 1 0.222985987000985 0.212767366259102
0.991029823635031 0.375899913811239 0.991029979869689 0.401184848055426 0.375954107261733 1 0.889077678861067 0.831937885893327 0.873797250420457 0.48405450796943 0.395159882105778 0.57541241670446 0.823489096773071
0.724733963101439 0.33218779518699 0.724872931216755 0.280899248287194 0.332289672020708 0.777732639394197 0.705455367506735 0.891223540054063 0.814591719222203 0.0877922242572732 0.155758516283865 0.214141431871024 0.115422138722916
0.922026704354704 0.905607700494759 0.922014578366704 0.927225827561253 0.905609502611862 0.0432308817334006 0.036323039994356 0.581825408685817 0.127328935400487 0.700280984792749 0.354440940523504 0.788396222777723 0.538629525709102
0.828610076950395 0.650413960827785 0.828552403633801 0.722430931750966 0.65045434671406 0.653672831031431 0.654071484678039 0.29570650962472 0.324284700062518 0.551128531323422 0.65882141159085 0.784105852721695 0.494056900536477
0.683521918840683 0.445283240734905 0.68373353785284 0.445332332628371 0.445332332628615 1 1 1 1 0.560760383054092 0.681332218172409 0.731190073592636 0.786652587187527
0.655369636810957 0.632454884049452 0.655185301733609 0.632458781639319 0.632458781639378 0.190903244855508 0.314934615566112 0.00512239113668378 0.00361774768655265 0.280227357590835 0.361525543679589 0.326605811627061 0.188421880788725
0.58212940092705 0.791884728256652 0.582512762913848 0.930113543865562 0.791892231199831 0.69481166894137 0.796176299146882 0.739395461262101 0.82044287598163 0.911735880784329 0.931887726563547 0.703660112958087 0.781813683618106
0.164882387419921 0.0762394075577409 0.164205266198298 0.12991436639709 0.0765346999967214 0.542485973412759 0.738627531713677 0.758752767758282 1 0.141734245723779 0.0634733236832709 0.355981910981834 0.0952060569826481
0.659365728984805 0.411059710185287 0.659168363613378 0.420655005864623 0.411114303665377 0.739054282615379 0.489019281165317 0.583033442455549 0.750048831738761 0.922661085799642 0.878822989481495 0.896461760678631 0.74160940985696
0.802284451261698 0.0810629863076608 0.802354823908407 0.0807649283696314 0.0812619685811121 0.640298344951534 0.356440555886025 0.134047042146437 0.562597536733916 0.369700764843108 0.392642096209746 0.153256560900442 0.168344986700428
0.244848184043928 0.538504763392846 0.245768453341027 0.466432049345395 0.538520396117128 0.809434161868624 1 0.804835216128558 0.571971313049848 0.341916116338079 0.51252009017604 0.52127634546923 0.644420599355064
0.312210116036955 0.0358463780419751 0.313242524940567 0.0371615593206407 0.0359774632475645 0.0956521840427654 0.092417228603127 0.659849027120536 0.361287645906009 0.072961808296327 0.0634687225252644 0.560897796402695 0.358356429623714
0.233893742294738 0.130553731459859 0.234633913162129 0.14596925478751 0.130675405644756 0.931383510973388 1 0.650744734183045 0.476742345220426 0.757037594377986 0.711883323641833 0.634842539527645 0.637508055728333
0.503192711935433 0.770653925984184 0.502834217861852 0.77065686603634 0.770656866036368 0.537880361587799 0.556242742722285 1 0.898644525023981 0.807535096014793 0.838976413227287 0.765442901996909 0.758258473421587
0.598448610882925 0.368746041885988 0.598724376180639 0.372011257952865 0.368764084876131 0.44017143310212 0.404980192234079 0.607886605749669 0.299096955432843 0.417231010191754 0.371662651373158 0.294141338267891 0.305986957342949
0.874553523783191 0.209228023625655 0.874577499325063 0.229072988002281 0.209449580638099 0.767486437739933 1 0.138361068147323 0.311242521428725 0.462920686262528 0.294031060421128 0.437906033883221 0.231715117094511
0.856798047940566 0.902088411846626 0.856766836303289 0.902088151131929 0.902088151131693 0.175982883938617 0.406709938984652 0.648266949745603 0.344964807753004 0.897957615722934 0.780373009689745 0.684671991741065 0.830863681138636
0.803432916700924 0.212905388190165 0.803367119382934 0.271296535387119 0.213024875375204 0.736483835768934 0.773783187076052 1 0.870053206970466 1 0.834414615021316 0.874288919684361 1
0.996232393216235 0.886688221143809 0.996232364766193 0.825043580641643 0.88669018832241 0.60175632605722 0.79429280422606 0.493074438014162 0.655075982440382 0.291252218776083 0.227464169709836 0.777167847126016 0.797164739205203
0.47301297432435 0.783689096967077 0.473567854828655 0.960076860575487 0.783693298190632 0.608804305937721 0.826807566242322 0.943016247658783 0.900997793763911 0.546594580283423 0.917406196330771 0.645342771281059 0.644556642367955
0.634377134586107 0.541613156875932 0.634170754399022 0.54784328987761 0.541663338069201 1 1 0.411148445137149 0.580903893149939 0.924387139309389 0.849307938778675 0.266129086022111 0.327276463185028
0.921197540308614 0.975823606640046 0.921211025887605 0.975823621078647 0.975823621078687 0.905723343271712 0.930802044260525 0.335329020586993 0.595240899495724 0.150100255965443 0.268613041089313 0.328318228339506 0.09229592284507
0.489312674215535 0.172576571339825 0.488853547419661 0.145544161485199 0.172794403992931 0.806519015978352 0.780721477844766 0.64655557302908 0.699907946551969 0.0757285909471668 0.0637289919998845 0.846808874898575 0.417232627750007
0.29948614773985 0.783969310147037 0.298708870357847 0.72278655751645 0.783978190211571 1 1 0.175977702892123 0.326734809361772 0.597817767698543 0.711953896563993 0.755180027843274 0.877402386645216
0.498441588981977 0.647129314271693 0.49892941028866 0.600860205402779 0.647127931456856 0.155777467034434 0.286092366149897 0.32865780288798 0.345771255930825 0.203068658418498 0.131607352324832 0.143299232505462 0.358784856945801
0.872357558884109 0.438220279915846 0.872320271046545 0.445979044471866 0.438354389350292 0.861251954190881 0.900262847291288 0.860007791229815 0.852657498654849 0.853908094306968 0.68649467740742 1 0.694713480765498
0.61801918243534 0.0259561579660967 0.618273324120968 0.019385450353627 0.026069040568345 0.187461409761464 0.108124959881199 1 0.748659158566683 0.00854434906903356 0.0108507178628887 0.76682507650715 0.416377725780628
0.571454403359127 0.0857931493560377 0.571189123339517 0.119458595696085 0.0858751020521905 0.375513829972526 0.307588386006077 0.897997624889725 0.595164440380263 0.738097939949249 0.596570889484533 0.72322776086875 0.695568007731029
0.531438292485207 0.822898827464669 0.531837239977196 0.973428089569925 0.822901216713109 0.653983035039277 0.631122731627635 0.513627981453145 0.614331805881469 0.814767658867904 0.666541024531284 0.74611346380532 0.738634556057609
0.625201504445922 0.29762502192592 0.625528198664138 0.296123515817203 0.297680810151938 0.721024770719465 0.930243615426468 1 0.935167000930558 1 0.638894682867891 0.69548349505465 0.747697279924789
0.0114993837073616 0.0222500050069167 0.0113318792175137 0.0144387793023037 0.0223540089518817 0.0830110315653642 0.170408870726728 0.232332338485884 0.151299720162633 0.664324417271369 0.524860875985715 0.0865362281166042 0.0322946446177015
0.49620900166147 0.387584119813419 0.496647090898452 0.347130072190668 0.387652688332902 0.683721946260758 0.66825401812264 0.638785134789048 0.472185907247319 0.819037008420814 0.862991665783211 0.69628540886615 0.590365941552876
0.642330608268269 0.84607533228167 0.642515918496614 0.785529579083406 0.846080670852037 0.883642318793568 0.637740670828573 0.22169185787846 0.370337386402823 0.390517815093974 0.506907265710349 0.766805064835991 0.677931592600522
0.802964333002175 0.0979886719426386 0.803042430775311 0.0904037791950546 0.0981076741506902 0.734322369207966 0.520398691678248 1 0.555456414520189 1 1 0.847769791892568 0.666248143968016
0.0561617976662314 0.417137703771153 0.0570369492810244 0.395693946022562 0.41723129859792 0.700693714673844 0.786064764705847 1 1 0.188400192444612 0.134720893154622 0.0221513028831899 0.0988106447184408
0.431067662782393 0.781541374292498 0.430544363643167 0.781539362401545 0.781539362401324 0.471726215088101 0.182433181674768 0.902169325118003 0.82529538602997 0.780845678254703 0.449576128736233 0.730357051973802 0.90086160001394
0.835502084470086 0.812625398499935 0.835547694673448 0.665126485650889 0.81262326942 0.665340129263737 0.861941736173735 0.658284763397409 0.620130610172239 0.371538268688494 0.615849607004103 0.661713669796953 0.499405174742974
0.665645848102569 0.92286855263606 0.665899185581194 0.940653673623827 0.922866794139365 0.763754673303506 0.401480735640659 1 0.762982724823812 0.621100844685375 0.83309684644465 0.803777760237918 1
0.222334107863596 0.0203716593293511 0.223495112820877 0.0210698738386614 0.0205480275208137 0.290958574141106 0.579996561026126 0.343418874999428 0.377536203417033 0.628165224801863 0.390596017546965 0.800685292985359 0.377432884651344
0.800612043423059 0.492052557179961 0.80054528483805 0.449154169364425 0.492131186887613 0.800987222529621 0.906594490582247 1 1 0.161925149801121 0.231060231716494 0.880943207355839 0.679651643088482
0.188258306106865 0.12594866564176 0.187435151275835 0.133299957413944 0.126090049354907 0.466704107127247 0.620517623067678 0.228292203238853 0.198437154667518 0.534353441897585 0.712924230272392 0.716444106701452 0.676411044070569
0.502585710416151 0.951165526755082 0.502980284876538 0.949668563230969 0.951165593770053 0.392833099428971 0.356776906759862 0.800145064927459 0.79376638500873 0.87419388139803 0.780713486680715 0.758217048181253 0.8793008744638
0.373647898695284 0.375656110001793 0.374498015930764 0.608926916310308 0.375737351758747 0.806029786260902 0.451463220951777 1 0.941607239757405 0.453121009651376 0.490792481356132 0.459191986495023 0.706824728221106
0.102230676427731 0.550308169113567 0.103206800188835 0.525963316174993 0.550323305617154 0.36915512550189 0.408938141974555 0.385302433932611 0.434659541878528 0.778317094501832 0.842885290776516 0.455392404627791 0.603237780876629
0.510601802562983 0.64026648296246 0.510232969301083 0.657499891786661 0.640258065692934 0.473405653952458 0.527671876566069 0.388517468016894 0.428644221135012 0.709129067586706 0.765717759019145 1 1
0.684591022132411 0.968966873495162 0.684430624429357 0.947439777153178 0.968966964881947 0.595014426826532 0.48455896976858 0.717037351227009 0.646581568768382 0.629917657317269 0.67542800367382 0.790228612424097 1
0.701260465155172 0.899985125982249 0.701432631789514 0.894463603336736 0.899984442433849 0.812159025037751 0.935437436341893 1 1 0.624298709664411 0.66809172998433 0.297884569561188 0.485327207558045
0.583025376920163 0.878195707909468 0.583378752110503 0.824060888442714 0.878198715975006 0.279401244376509 0.570785286944239 0.483230144708986 0.47416458966588 0.444990318323033 0.55467997376621 0.362984961383334 0.41915042793422
0.516523953073601 0.0813982188962489 0.516137210407821 0.0814795540379866 0.0815693961434927 0.404153113051772 0.341465188767354 0.576488865436528 0.533314984208254 0.222487296398622 0.380862630368503 1 0.746997572658524
0.979743977214252 0.426871057806005 0.979744829539346 0.466047741063294 0.426962210949912 0.433993961522191 0.35481360724622 0.670597457836338 0.505565793156343 0.069224313711794 0.0728753213114225 0.914499939760362 0.681521809309193
0.999235090434398 0.56448433157172 0.999235089155383 0.504452603255865 0.564573742052042 0.537514153804358 0.653351287535618 0.283359509260805 0.26043012261889 0.30947990092386 0.297864516761113 0.533274814191852 0.235752383608039
0.907876808254983 0.347520034371315 0.907893964564592 0.356417205654578 0.347655448981143 0.386292715519976 0.389616950898017 0.491218542740775 0.694229581780051 0.61054329305861 0.0956101803082161 1 0.898872119372126
0.979306708224002 0.514269703245642 0.979307465372335 0.510147476132204 0.514316062634113 0.504508947381787 0.262390482291372 0.820653987834907 0.873386753765148 0.412591201291508 0.325809619895225 0.912108699833708 0.598511932893388
0.688873509551586 0.338588709971469 0.688717865837094 0.335536090952912 0.338661156734307 0.494756858475865 0.580621785230028 0.565837927255907 0.57867631843033 0.411511934736877 0.692641391965273 0.384565569197623 0.436892928807655
0.73560858472092 0.186285531674766 0.735481380603055 0.156323359180135 0.186555453999124 0.744239659227272 0.411725717958781 0.938127244444572 0.917393993151101 0.577712016325424 0.443496082396703 0.923630043784557 0.500847535949876
0.76795891285068 0.386064944846036 0.767865139760231 0.434088151170828 0.386169502890458 0.0636155839460035 0.0631414754643855 0.892631222626673 0.938248367739268 0.875748544267556 0.868846010856294 1 0.856381773510454
0.969899804911202 0.643283127103948 0.969901785189411 0.506250700884054 0.643279867917727 0.400495607006731 0.293632917521129 0.889741720329625 0.853850388382179 0.882395357012915 1 0.83718192442121 1
0.491339086128651 0.940585035706386 0.490951173471727 0.991723846396466 0.940584865957874 0.853620208780585 0.704068858585885 0.393430199420486 0.505271712336735 0.0918211225563852 0.178794277557344 0.711523091807753 0.2433356086486
0.625797257438888 0.802916375796323 0.625585363376154 0.84704431384657 0.802914021142228 0.811854909814451 0.735781611677619 1 0.876210471903363 0.725894997785005 0.934592534301429 0.856792203602457 1
0.301576848541102 0.625693431273863 0.302223032550668 0.650029926439875 0.625708620472699 0.307721241308029 0.206040819967095 0.817189868192446 0.608552384098632 0.329931713987924 0.497605344674535 0.34753545532982 0.598572994140211
0.463079959178682 0.957361509280703 0.462607121096976 0.957361474372679 0.957361474372525 0.190452354738062 0.509733144197426 0.406009094353165 0.672813327061242 0.258374528956919 0.282482766166739 1 1
0.43870419760917 0.701035811238811 0.438309913708669 0.641554924411603 0.70104891091446 0.0460555036055176 0.127980621592368 0.300410380381941 0.119646635794713 0.755473100815999 0.630414846879047 0.406959517405678 0.560727828192059
0.186073281776537 0.756977890333443 0.187015449053652 0.778237889403503 0.756976312345892 1 0.879343186015373 0.648148303893141 0.939744071656643 0.870828141398319 0.86812715643796 0.511864190904948 0.676635088072652
0.31252892093555 0.887892193075098 0.313122788493387 0.835281313465363 0.887892572555825 0.674961729429142 0.849949615690846 0.164543352534006 0.375143193235329 1 0.934464947853258 1 1
0.701021978734762 0.434587019798797 0.700860254361851 0.442801401359063 0.434636369980328 0.791313316713648 1 0.785004898012067 0.900958105048003 0.897933940124205 0.888083151683751 0.488290381816264 0.576241832324246
0.900144875783063 0.89842081787745 0.900127210140458 0.916406016189345 0.898419840024993 0.434707657830774 0.459934723377988 0.698810432913835 0.672419880468471 0.656479753953337 0.827299987382309 0.900694015562734 0.907368137951212
0.0465034480313946 0.0322569198119103 0.0460045521951203 0.0324386235586833 0.0324386235586727 0.848559909084073 0.622563571206202 0.370113767710513 0.353234543278404 0.0534389990673241 0.055596796318831 0.239648809516626 0.0547685550619365
0.42968678288109 0.947465973983453 0.429152465719371 0.874319690292947 0.947465798053646 0.626188575984229 0.71127095712659 0.367752650028651 0.755312827661449 0.883011020797573 0.934002309136315 0.727660187151739 0.939137537614646
0.616332975953695 0.627414250747579 0.616584227004588 0.627434125824617 0.627434125824646 0.0978582048841873 0.0500145797406807 0.812995254367444 0.919286849347824 0.868192218091886 0.777009707912631 1 1
0.233064325953908 0.621427092385065 0.234207754973989 0.616227999372708 0.621415533639437 0.564078332789577 0.863107484348106 0.351589810814527 0.284316903994794 0.47384424439581 0.281395944494218 0.801629180477437 0.930041853188001
0.311565498011092 0.350280611669004 0.312130579771545 0.39608005556902 0.35032217065515 0.291187089567534 0.650333245999179 0.365093653140901 0.34567083021237 0.757536999076347 0.723370291937911 0.66007551835128 0.564974602110946
0.561325090498054 0.858774854369378 0.561022940645305 0.780853258904273 0.85877427811342 0.62612059779064 0.574709009888143 0.924623451688227 0.871204102869376 0.365903185804062 0.302129008149889 0.782794295740947 0.75743972104542
0.332169211748364 0.914251197407897 0.332813188168737 0.86784173291409 0.914250280054905 0.827797326294485 0.603645118160357 0.39936778505065 0.343384343425925 0.64368181522853 0.634306170239905 0.669748076619446 0.629711282169405
0.959870689648205 0.652570358484905 0.959867295496902 0.640042274451342 0.652584037919283 0.900267815971369 1 0.632498713090095 0.70406426246933 1 1 0.924407101591401 0.929300791265513
0.447658622219592 0.991720448842105 0.447181466427913 0.987597359150596 0.991720436322989 0.632484189041219 0.757704986901814 0.630071479003238 1 0.88872992904104 0.931980548263289 0.918642576451188 0.843706881006362
0.132481825192912 0.0902598477278632 0.13352239145982 0.0904523808648513 0.0904523808648107 0.692794175203528 0.770327302790042 0.526501149429117 0.636813387299763 0.38326964355545 0.625098834788615 0.139780488813288 0.157510061472758
0.831526780126758 0.779482435740072 0.831578985518843 0.689752001637549 0.77949292312106 0.378605713303619 0.263747196183645 0.373011274057479 0.439885038876223 0.330697228180792 0.207304875331502 0.401827211731816 0.39264136109822
0.98058496436716 0.841761240897302 0.980584249953494 0.877172162943582 0.841753977732948 0.443307851694421 0.427029030630225 0.437195925176365 0.277552494691174 0.114388483398771 0.16457191867853 0.870730489481265 0.631150205812997
0.455392527751906 0.67081053908748 0.454779414029437 0.70212893827664 0.670815448315307 1 1 0.131843077809494 0.25237043489881 0.635207825714977 0.591362145835013 0.914678701406708 0.869632943480614
0.806437487440111 0.344391022567138 0.806373970067874 0.345410384381333 0.344517398206654 0.5657492524909 0.468578253785339 0.921811294821873 1 0.131859308229791 0.0415929472756023 1 0.726232286915219
0.148310205094903 0.0092109068510388 0.149679264879943 0.00954172728687923 0.00930726286096861 0.336778226325947 0.586733842502249 1 0.697491803482147 0.170953519720805 0.154402430149123 0.225659997716577 0.110253922386926
0.537069179179303 0.966419367050911 0.536773431571864 0.945409825088352 0.966419308076934 1 0.928984763354384 0.188953659069477 0.29096919905155 0.72975634163238 0.670430745350797 0.83392533754348 0.861537535077889
0.0505182512420548 0.0267656688778198 0.0500971349455415 0.0287297085898961 0.0268692600767585 0.0421833176026857 0.0442325088733188 0.153519064021857 0.0909391560205636 0.122156196543921 0.195512286650474 0.489087497727956 0.376298078827542
0.804006855821212 0.533107226197358 0.804067264358858 0.558132556830722 0.533098311226181 0.147498228708115 0.280465329978448 0.189860975217355 0.145947522545975 0.619734161904563 0.615047401087786 0.594634322191813 0.666550905620801
0.34946865392178 0.0194851311362404 0.350251072407056 0.0195990633814411 0.0195990633814639 0.361104479076526 0.181642299920746 0.854233787488317 0.446331775438045 0.46636885070268 0.436081972771131 0.237417324697239 0.161318764759513
0.399811206855914 0.956396988074748 0.399337330379004 0.95639682730433 0.956396827304326 0.763768809952006 0.745986744328971 0.917499032753984 0.907199370393758 0.524729532581649 0.57328750345907 0.433583337073913 0.533860860653352
0.887483676911641 0.461236548940081 0.887466103814129 0.402609839662476 0.461297551429705 1 0.867199559430417 0.63780827183169 0.761162684053697 1 0.782921320881277 0.88342442819036 1
0.507213851620677 0.509420612883893 0.507689884803627 0.464012368433536 0.509448296624725 0.841098627882591 0.929884852766862 1 0.916145913044567 0.538414338852835 0.477752151288338 0.739612345695519 0.816590101558433
0.835759118011379 0.452093460655095 0.835809018666517 0.522418231671488 0.452191048530591 0.556218394328705 0.409492353653005 0.788259768735831 0.676422668235675 0.289382806188799 0.289538900436184 0.530999810610177 0.238937010874808
0.696335036752049 0.775735529502051 0.69618718672314 0.962205871067724 0.775739039574232 0.416200713046266 0.39653722358346 0.41459652467243 0.234146489077039 0.884043801363982 0.853632667383836 0.802990751475932 0.73757605988353
0.299647913172576 0.805458792668959 0.300328696266364 0.661625770662783 0.805457925566431 0.436132464917098 0.719492021704875 0.0641736039375429 0.202228093504952 0.665119909815806 0.60604099235029 0.731020785056831 0.74404025114775
0.997756238090113 0.737537045089856 0.997756248076786 0.737536927727142 0.737536927726968 1 0.76229465282664 1 1 0.722488394371263 0.674679285701777 1 1
