ADGRE2 ADGRE3 ADGRE5 CLEC17A DDX39A DNAJB1 GIPC1 NDUFB7 PKN1 PTGER1 TECR ZNF333
0.0453465979340427 0.897971214611373 0.718055271096306 0.185845502473345 0.520813716601428 0.544153035991977 0.000160267030353267 0.00410377666067184 1 0.350670475570943 0.321973790476558 0.893625858206661
0.34442113622595 0.148360259011845 0.399711838256973 0.998084416485404 0.470585421126289 0.328147668751575 0.315674259583782 0.0567901440143053 0.957141447886462 0.00443049955606215 0.631912927211868 0.824302377245844
0.0143301375828006 0.889290364886424 0.979165545573751 0.0772243444960901 0.584191225965374 0.143766152531941 0.392293411269717 0.0425583043218751 0.0300768165496574 0.202986343972358 0.0572178524697312 0.451424982979099
0.167263326660899 0.896784346666605 0.937921388997645 0.0829348255644935 0.730149284628717 0.614522881238238 0.716830640365069 1 0.385301816619714 0.797008081469088 0.7988467036836 0.743147700385292
0.352401159294224 0.119560087491191 0.106482710703655 0.133633568897333 0.467282249162769 0.896351044693881 0.151384506201274 0.288047361537916 0.803763771235051 0.868000228422177 0.518166072113522 0.408947508713868
0.962718948678438 0.0594121656997969 0.689538804997285 0.842462902607301 0.396527319104984 0.35144839031935 0.0671631450457525 0.72926122477223 0.0371115085934106 0.36433899278374 0.39044449942307 0.395965906398019
0.108269088035721 0.281723878040999 0.366492021243253 0.194100804657059 0.147439496901005 0.848088390505588 0.683902882659257 0.34344709907005 0.846080116027656 0.129025363401397 0.686726025519694 0.0247434799252247
0.188222040487105 0.892135751569531 0.770914767859061 0.125261195260789 0.00771765909931231 0.112736321538322 0.0619495752495344 0.487745025711636 0.167278057393919 0.27766858880123 0.969449014988863 0.188109059709806
0.0481606362064599 0.750298276548347 0.251915083741475 0.535421983245926 0.165785481657387 0.135245240662455 0.0760530712964218 0.452665789821938 0.937408411429436 0.786876550402446 0.85130139486037 0.0840590923625699
0.805099728706958 0.557253614261602 0.529373138127059 0.206240079911444 0.693429963524582 0.0549928096658666 0.277875622996313 0.488227570960486 0.567139610321275 0.271392355067805 0.220248192817499 0.106725079797993
0.945161876280136 0.750942436250262 0.0917338717517195 0.227547634657627 0.249536313843282 0.760644998337945 0.642979114794424 0.49783220335756 0.967338429014467 0.686715934790893 0.326273266454093 0.0238962044183956
0.888173536258453 0.463635338713332 0.0977181626257949 0.305784900013278 0.890277608605955 0.381075383155154 1 0.81540543184956 0.63787868964279 0.0282106324226639 0.466059292634113 0.575606013150576
0.107636165147805 1 0.00972354109268426 0.824745544512186 0.614964275968259 0.206670033142843 0.0328164418234822 0.528872897650982 1 0.598279415731215 0.381730095591313 0.149878542629813
0.748326129284933 0.375516496958004 0.38060618270988 0.209124615723552 0.269389688069288 0.680551995656828 0.00842385013329802 0.0477210741845791 0.277283376694436 0.977310919558546 0.502793321032498 0.372576667694897
0.883816164714121 0.312701784383242 0.0045667155467625 0.699130776614164 0.558741522781773 0.339242621113129 0.27246102257181 0.891844862092843 0.432525236239393 0.170684608869861 0.31628638896387 0.22354346938152
0.892091612723967 0.131277381261392 0.368783479906627 0.339368479028773 0.236494690048038 0.248401900826841 0.555899767039737 0.165320880716758 0.738678238508255 0.772315637910931 0.508469244530252 0.887353860606466
0.0903372023195813 0.464395498250761 0.141994954530789 0.700413507774605 0.061771066033495 0.885170001318448 0.652719110370884 NA 0.329541520109956 0.238778229473086 0.170168120754647 0.509050844644362
0.466448738882726 0.766654838269194 0.843041656759146 1 0.219641625393041 0.296886448761198 0.504215395966829 0.873213747123292 0.511675923530637 0.865102596371601 0.434883696714573 0.272149591049666
0.217342435772652 0.530213258528556 0.745697744302151 0.614823203849155 0.366611564707131 0.16463861861553 0.221973169926329 0.000341248052027071 0.454653508038725 0.18913780682028 0.427905231715748 0.435895084947668
0.670441385776966 0.558434076080702 0.796922034981107 0.425896718115026 0.7416208540184 0.604434249000759 0.921348861508429 0.586615105913764 0.307687630427986 0.00971306379182299 0.839365956135133 0.601009327374988
0.0490480585535867 0.588587718265954 0.849627071166353 0.529165111880577 0.608998178994715 0.194159598761474 0.324221089858938 0.31886026509262 0.311324641036237 0.000812296872711637 0.236374226440874 0.125944877387662
0.254200045650809 0.901492972752633 1 0.92290826372915 0.173213559176182 0.225668903776262 0.732740244644234 0.367434984781401 0.706487885415798 0.590419673139534 0.191014387984624 0.309791453520486
0.320317786939572 0.0844802887899805 0.892575109780129 0.0310102778372514 0.174193766063715 0.309808845830426 0.741391662974506 0.346591890891512 0.988393084036568 0.378823578721695 0.440529937163832 0.560100417254032
0.791558263402025 0.230250996949962 0.973030806271938 0.725095319403926 0.455409907652699 0.582800922080405 0.313872959965852 0.077402781080782 0.911818454504648 0.0674249723092388 0.487888306813645 0.704582620107267
0.940920451874534 0.401198714240479 0.892118649186859 0.585300964907852 0.129088266975198 0.894454587233362 0.173330507810614 1 0.561900670662808 0.483012128893653 0.466438074754831 0.912501432520221
0.0123647326612998 0.51524588692794 0.705401079742351 0.476757835109131 0.34942738545966 0.0421985301303748 0.0985246536681234 0.0884814668155516 0.0372697191478157 0.769595151555116 0.258108559847188 0.926575365793861
0.106162987163843 0.212443732860089 0.453320434179276 0.222534694027359 0.338302076290974 0.636249613723388 0.386211655285543 0.158957121003129 0.326527540923916 0.431141753678047 0.247336135832586 0.472459225138515
0.592258995648652 0.914895657078026 0.090427101776498 0.715276100213199 0.466835733189523 0.474688758108396 0.725269474131899 0.198359313490291 0.72195037135044 0.621621128283956 0.840396453150862 0.173850409198921
0.117702020236577 0.308626924762606 1 0.806806336318215 0.544025348802752 0.545242799524106 0.0608867910448376 0.902012256687868 0.810070377649097 0.080483616526703 0.5824990094613 0.696326974753279
0.854793471433843 0.469602785194747 0.526729125220185 0.484674953769232 0.743938028798877 0.65153301635135 0.580446586261018 0.205868533911415 0.676399472647991 0.00732859066879867 0.433567448210543 0.89371708757338
0.772835101425328 0.106206570431385 0.910999223372163 0.482939227136885 0.337446628359345 0.902071210869197 0.432592296235511 0.837730809587994 0.968519886480278 0.829436676867709 0.905394345232232 0.357650920563094
0.821178966191982 0.140840479748792 0.400587789698592 0.102548253060565 0.736871486864663 0.874348770233405 0.136237602753263 0.813908573865187 0.916394620008101 0.0215064522729531 0.0629399503129966 0.507726705479705
0.30361629587755 0.900216275079225 0.810217752938041 0.368921172761398 0.852438540675189 0.954346016136036 0.648579460608822 0.315172435536993 0.546172880990104 0.67561787602001 0.0392613395543425 0.379019242257996
0.262501537552713 0.90918618307174 0.0650527450603977 0.739530231230495 0.978790302391473 0.319252405686997 0.857008135516821 0.398201661678938 0.811296826202447 0.816560177057032 0.702192372585547 0.857031855132261
0.6735205197395 0.598938754273736 0.666933646638766 0.220583523751923 0.25170875641705 0.319291408752088 0.750059317866791 0.748737024658813 0.188299897782003 0.797013467127928 0.668389323607684 0.733385371863514
0.373537243728362 0.173467261228588 0.85029739033823 0.381862233252094 0.516683218053429 0.500451097584207 0.340775063056083 0.397992737294522 0.58284340992443 0.045228941253211 0.814959564323725 0.535636336243197
0.672156316335701 0.36630941179757 0.142830995991416 0.745014258044836 0.107404133262444 0.507868553545439 0.759695245031753 0.724439213919286 0.567177663375709 0.915340637727348 0.355013700288995 0.691961096920293
0.911721758285988 0.617706943016857 0.326995094322584 0.275573978266375 0.0754969078352643 0.31820847172698 0.246366794419674 0.0392600083744848 0.700738099055955 0.751024925474373 0.137569313442192 0.0368887800415262
0.901690256989967 0.528612614049146 0.0098305211369037 0.802981332169562 0.908095563173699 0.707658549738258 0.892106535556703 0.138945916670797 0.848404236392729 0.73924825942108 0.168793676155898 0.563371788158074
0.691951148974599 0.609999698039189 0.651755199669731 0.429634362354972 0.391927753143611 0.896587384093319 0.568141487198311 0.781990273268015 0.531081538903189 0.976079916069052 0.230625023403907 0.949618285210384
0.204760690169193 0.086433234854195 0.250629366744987 0.413260484575228 1 0.553540854382212 0.0903256203321068 0.204391989261757 0.0504442578381824 0.796192257089901 0.0475712314309903 0.717349870858517
0.0882121019535732 0.0127010021257954 0.479088993007625 0.0964427721777949 0.846333179205764 0.591778895106398 0.633570229916151 0.927545340449971 0.540148871384939 0.745454191566722 0.314916376758049 0.866794740747026
0.541941246753991 0.762909784560556 0.273888305838343 0.269164416118286 0.604723083456264 0.0892971638406852 0.900578942774616 0.166559347586518 0.358803875479369 0.570062242790378 0.490384352272763 0.806335088210767
0.594854033752865 0.0541415076788858 0.045525854251627 0.538612881138886 0.241078456655023 0.30985011429052 0.986034230960048 0.577900646006052 0.434431345035499 0.422503517695316 0.224554283995574 0.788202084486786
0.966478440185948 0.344581125613285 0.884561020324627 0.778900872403624 0.108690747840209 0.971743641054908 0.947138009156198 0.155501817711166 0.656412201645696 0.141468753794172 0.459116710421559 0.0103349239503266
0.801386102851116 0.480919461002919 0.216948798378468 0.969853499625161 0.213267304759078 0.421981597102368 0.670792221139826 NA 0.240005345505576 0.956272525715909 0.158408828691273 0.141153366033957
0.524653157618139 0.104798162265303 0.0235681733889767 0.738863018729253 0.811115318708913 0.687481531846687 0.0562122861650571 NA 0.554882186886621 0.393259789568141 0.490898942549807 0.616449726764233
0.490771316245256 0.199447185567079 0.196281541562783 0.0804484979218615 0.897663900370668 0.316399439327466 0.567031030624885 0.803087468238668 0.852054142848133 0.304153153830721 1 0.0175236681533292
0.394126816387003 0.205547333599395 0.740083187109983 0.318394092873751 0.13813048316963 0.847910105996126 0.501811258980629 0.676108533787033 0.602911789521973 0.0773070647591903 0.426893250228042 0.217769848396857
0.644576900721358 0.2105604193256 0.180334646227108 0.886290589132189 0.00817302221159923 0.367523303623786 0.249689206337398 0.842938293394261 0.585392781981123 0.896194809603474 0.20377631116421 0.178533829003034
0.52304474199996 0.129419837712652 0.688573471586277 0.468627063911626 0.428802160621538 0.657546847386706 0.894424263291693 0.357854221084522 0.0838754459862272 0.333187555888691 0.203611860909706 0.160641528208277
0.917019419749044 0.275083412867188 0.859051061248104 0.785685787271137 0.851531204385966 0.375267748056265 0.232377301826488 0.200307682068025 0.0898285168225136 0.633546324709887 0.574177860557655 0.955762153797878
0.155147518315877 0.966887529137737 0.241303691558299 0.607469635431025 0.757143695943229 0.701737465477329 0.5727787058158 0.223971032297405 0.770619965507059 0.65836446473836 0.443550149228282 0.712914066288829
0.3315834885933 0.142060584211073 0.979209998369724 0.0362884095132948 0.728001667347889 0.195260648719993 0.374825769670914 0.151532866606641 0.290669764097339 0.92412010394648 0.149454652963488 0.28151386998003
0.102873217603006 0.674148936197557 0.268929679826171 0.569382881693223 0.286432456983375 0.634651105379457 0.742929799915868 0.744920969383381 0.061130988767442 0.500383549708408 0.32562098008432 0.176272446012169
0.0828358930523782 0.231127832573381 0.461422288954562 0.0719581927936831 0.175917833677339 0.716055206405188 0.87866792440958 0.519545478753316 0.0361839782151693 0.196452133453296 0.832880594301873 0.00031400865822105
0.780654786551169 0.928042454112631 0.136790555801957 0.13869728585848 0.274639909187596 0.315244806692961 0.140265973972532 0.366993771613782 0.0412484689778036 0.274832420827858 0.579948252839605 0.0584613333883793
0.748435983701572 0.049478586839474 0.0428684643419064 0.574352357953887 0.480202191772085 0.853043692937742 0.365194886984696 0.253482558865938 0.951420505038639 0.316782206782184 0.194019540050338 0.936023072301219
0.656967495628088 0.0708049085053085 0.100787829111013 0.135404050492942 0.224601339859189 0.518579178466734 0.771015405526805 0.756809204263961 0.252335434465966 0.15367781014877 0.128486221914647 0.0207097438731873
0.101374401797204 0.374079523521102 0.448644589975184 0.886130685057037 0.730792917887069 0.614964316036353 0.207420282530096 0.279667604729825 0.978123970972448 0.806518938767015 0.396675410532375 0.528604839898145
0.535297141617724 0.929654665022993 0.177301568178892 0.344070164963294 0.422865096971864 0.224367341843639 0.352960603859825 0.722638478834806 0.685619670549685 0.904340358371366 0.466075877213069 0.497206518345982
0.506043893481475 0.386552526097571 0.358775423710396 0.281559167459277 0.000417543544857218 0.0388273388016638 1 0.813732792831993 0.506394349233849 0.191885122817298 0.654021392480342 0.283297431289414
0.609058118852138 0.440659716660968 0.398707612519382 0.620706216214678 1 0.580977784316092 0.922819391321761 0.475109449706101 0.371222812198529 0.181435175899181 0.71601393664042 0.0675484960704627
0.176504293940406 0.701112727322769 0.0747997095489432 0.197820843035387 0.649018483227779 0.921959008123416 0.172721136449233 0.204012032717635 0.734147530950181 0.434759672615899 0.884199738139766 0.745093605921062
0.244825772987521 0.234101404011558 0.7738178012876 0.312847683664984 0.956883323654998 0.702739965412285 0.213186095317386 0.867178569764094 0.0607525788248432 0.141699635092667 0.0487825142771152 0.0969742240543758
0.964869133790173 0.642511206892107 0.396130353586615 0.25959305331887 0.206782630842978 0.0134675552733762 1 0.542901294390938 0.764082617996901 0.428809489876909 0.815434874874724 0.962504656499842
0.508853277748991 0.576651566540817 0.918539886356655 0.0152770405744462 0.276225202960082 0.570260056228642 1 0.0972445734720606 0.0675297365302438 0.00157095691248607 0.14506848415798 0.503945016990878
0.430228628530777 0.341873590491388 0.107191413295123 0.280026587132473 0.385858415077781 0.768388806784215 0.11659710745223 0.617039909842236 0.683328697365203 0.148547983816405 1 0.137336366974231
0.302695298791695 0.59207677404248 0.802091353103682 0.566919683327391 0.515872949055679 0.365308122262265 0.16179765565287 0.3459569287711 1 0.427072726597677 0.144767398609944 0.673381522360665
0.375302676643038 0.267813879629018 0.318547494614044 0.473873000899243 0.179004103462296 0.00131561293216391 0.776361723342897 0.206568857787284 0.454959322600392 0.782752291792259 0.0607942294785436 0.00171191394934904
0.442895642265278 0.319512954015619 0.813722802289679 0.850872717504281 0.461433878868315 0.44758485107721 0.0249631572781341 0.677800416943436 0.166315442550201 0.174977229542299 0.396177347790738 0.247771565606371
0.153032355926709 0.356021879094342 0.263249029757635 0.718961337614901 0.439182845255618 0.257448718826745 0.199049408404386 NA 0.94770668367167 0.333399606782052 0.703950476331796 0.311290054574739
0.284623804006965 0.777788918268953 0.540128983925117 0.260427508371811 0.918962126988378 0.704489613713569 0.62870396682779 0.185612596830361 0.929733373020273 0.166073262462494 0.809429826498409 0.97280141429929
0.180207303375325 0.89414388216714 0.290242953744624 0.210303932651821 0.777380304478912 0.025145701989933 0.538707184066651 0.928290851934094 0.469806300862706 0.265134775518036 0.678269465074022 0.7072725660417
0.848949168423639 0.0208299905175617 0.592032656033538 0.755630331418212 0.785951963850179 0.373026146130157 0.137621215901766 0.115400439789807 0.447455567166143 0.0257571183894093 0.175481214683291 0.298945140779935
0.783929552087099 0.264688743903113 0.0538564083793861 0.198602531615618 0.348731723612847 0.694106177504258 1 0.0396515558030174 0.498303731926355 0.0880676458075883 0.428651627893828 0.411270203474295
0.499198540251695 0.0906504845883163 0.41616323757264 0.253171639444819 0.872144246931309 1 0.476949827539198 0.490949106536378 0.0859249908633188 0.407135007655559 0.18280690809506 0.451628114656197
0.381128666439714 0.121695016027157 0.380076848715638 0.0170422198234758 0.42624767016631 0.321224253715134 0.0308822138304113 0.787503714006273 0.2828605014762 0.9362816066446 0.232797253853741 0.638509029500302
0.214696021689921 0.832956685097288 0.365684649662786 0.331913502430165 0.985405417185701 0.156639023963366 0.77893791314707 0.243496982776216 0.513596168499158 0.141384057031331 0.352684798856473 0.231729093811159
1 0.920330412871284 0.0454497356355068 0.543348719008095 0.799397115598106 0.307308034394229 0.478216254532682 NA 0.142490242644215 0.411756578030116 0.579707651378077 0.842466595469538
0.834453231129258 0.0019745934401478 0.832682056386677 0.671112604793454 0.533410340645858 0.848046085305234 0.153117265469823 0.495396481497391 0.633303868633978 0.362035439496636 0.0153191625876987 0.823667445151149
0.361243382959807 0.54156731518914 0.157185729763812 0.711104937761208 0.129039364843212 1 0.27864960428024 0.809303507500894 0.552891332266191 0.18328773194092 0.863196355582714 0.302989769511319
0.268804182230677 0.105225681244862 0.226251761508653 0.266724586107748 0.658182704124672 0.600671903315654 0.929939095932193 0.00757241696877013 0.317468699098634 0.0285236716409236 0.755530851748253 0.747173149860049
0.376753962631395 0.701811956981419 0.558918080302136 0.791698170077305 0.574614260044242 0.957945276197675 0.379476751297858 0.216425004508334 0.207211087881003 0.641562700506047 0.693158875658696 0.00215553704785389
0.840899320692574 0.130980720963564 0.221261835450888 0.298370766824293 0.617796477693384 0.805479440789515 0.00634234241715064 0.267401471093382 0.687007722745217 0.85800267465412 0.874965566578676 0.349183796622892
0.254149682056062 0.527469131798808 0.865460667066038 1 0.679153879908399 0.018870585569194 0.884735127237142 0.896864189161797 0.779714479543538 0.896167541112038 0.464571575072537 0.962618074042048
0.63812100732346 0.155088332500998 0.312322415465293 0.595535956078355 0.895922309083257 0.0549763042553857 0.663076688415966 0.503831272971741 0.573234267894946 0.59092452054109 0.976914714516302 0.730370436082765
0.523247464268195 0.142967921187017 0.755624698856947 0.395612589062026 0.228616945467256 0.309301596595167 0.572399582716025 1 0.856167592417616 0.255958945382305 0.905401214095661 0.238028618080078
0.060656417061996 0.9107693335554 0.828117018673729 0.0231202946039058 0.151014163272233 0.219720865383006 0.195434432863328 0.737552510016445 0.255462271939674 0.868916609005136 0.81955970467955 0.407240030963026
0.138814542260327 0.348616955798887 0.991719082485105 0.00704087223486486 0.618374261604128 0.21665136220588 1 0.68899925533465 0.00425814188208179 0.673852527563083 0.774352832912957 0.0279218303660156
0.273540509843361 0.535541110084749 1 0.514248853824088 0.161730099483605 0.544332299483262 0.984180788716181 NA 0.0231125713333362 0.539988879721575 0.671110019625003 0.400137954036455
0.824697060376846 0.10506937297183 0.555780558062752 0.176568454600593 0.295378995447189 0.072012251826051 0.362777202936506 0.0844358519895289 0.0248300566903684 0.995583124395709 0.500445290133719 0.391173751837109
0.826398514117683 0.456878014361053 0.108328195213446 0.573807319677475 0.176657646003891 0.414593390871462 0.870128540948011 0.590047288876271 0.555841118340624 0.161294284680177 0.0142052286468448 0.162283554953413
0.273664639673797 0.927799885761522 0.817655850479472 0.667178132498255 0.0374926783153613 0.556290715387628 0.783701019327329 0.0259198258005734 0.9690501632765 0.0761879870843372 0.811825096120361 0.350184350979431
0.873110342709211 0.423202250294229 0.73598050877917 0.669052385361297 0.945471319521314 0.329791993198323 0.819545916205955 0.790226324958221 0.694090555763085 0.424562881433671 0.206946874286774 0.364221352780607
0.369630622634077 0.81859939096735 0.675043674059925 0.373383829128023 0.57384631687335 0.304690118084295 0.862247615595166 0.0024761054678503 0.623214887161734 0.536034364947063 0.841801213340994 0.506272538030804
0.378281183167127 0.266135283280002 0.837886066699662 0.243335555838552 0.148522218889195 0.173512845600332 0.327508517099819 0.768466138306026 0.160136938016451 0.945242887913038 0.12842144916539 0.696753013685776
0.443535367806769 0.62251218614189 0.0611171666770478 0.772873805085621 0.0780048119356347 0.210279835964033 0.46465654596515 0.387630015450255 0.914897508776991 0.903633994099702 0.821351208592213 0.459426142228732
0.307227033112969 0.945679834502364 0.321241344896423 0.688086989217297 0.731232405926199 0.785959743815881 0.829522884135218 0.511136388493707 0.243713841053639 0.874828582250005 0.0565482554218653 0.518030427445816
0.696284206808505 0.617898071633975 0.63643001581481 0.630135105130729 0.551331747369781 0.122911403319002 0.776072337776186 0.311724526018883 0.454586079468024 0.273501475968937 0.648562097769003 0.518983512758091
