prox_p prox_int_p prox2_p prox2_all_p prox2_int_p iecat_p skat_int_p skat_ext_p skat_all_p iecat_p_syn skat_int_p_syn skat_ext_p_syn skat_all_p_syn
0.174137175943209 0.794627288563752 0.173539278500259 0.805374002675833 0.794627284007788 0.532688947253518 0.429511377910889 0.273023391234946 0.651878563083886 0.42488799655715 0.53244683696914 0.642517255500733 0.66481393354263
0.954450489476588 0.327736077299288 0.954445883064196 0.306302283521216 0.32773930403086 0.210404242449655 0.320918129238779 0.156816103757658 0.0982271699900766 0.312204702376561 0.475182139553582 0.430510946445723 0.511344732796621
0.340912455924391 0.711535596678897 0.341652585111346 0.729917412025024 0.711560465995363 0.791242610932741 0.643641106580873 0.234514907958716 0.2662469816685 1 1 0.0381659728001542 0.0688055401475258
0.750002435042617 0.891516372354141 0.750093927258415 0.856134308261841 0.891518085843899 0.697385202144009 0.464798096046747 0.362098079388072 0.810896150110171 0.74103848585612 0.853753469702973 0.810593010819718 1
0.171948091801696 0.255795722563049 0.171232866556886 0.251554768893914 0.255879009705788 0.655828777507952 0.937262152906403 0.646879595860458 0.565754943343336 0.68089041398067 0.793641659849267 0.431332201349652 0.351475629301659
0.412200788299609 0.436216441684477 0.412871680954298 0.427292107036508 0.436292715384793 0.754940003219338 0.875766526574118 0.386039348947565 0.647320361197876 0.819685845675639 0.648521334649952 0.919232348227793 0.614484335859353
0.653223769448099 0.781559690311384 0.65346882902131 0.806981530232494 0.781554939860207 0.494224661723936 0.861286610765718 0.610300206732009 0.728060064436053 1 1 0.816990470321955 0.829981745568227
0.0537656905180524 0.0145839672805137 0.0546880319396091 0.0146913278746586 0.014691327874657 0.785449483736562 1 0.899019172257439 0.622322712845994 0.113152778249112 0.0778183020643485 0.0733402930368657 0.0533072889314202
0.642334301993676 0.847996437482798 0.642104927222639 0.779463496352218 0.847999172572331 0.761870803394083 0.86569437197895 0.45094457574353 0.826438055767424 0.691268520787198 0.424971103272208 1 1
0.891644608139514 0.186705595513033 0.891666641315717 0.1329639558631 0.186916375902508 0.708599849928797 0.508591953768753 0.874195159011677 0.750676134579384 0.77656884873877 1 0.752130584791539 0.663570588551997
0.379882240448412 0.663175556843283 0.380358375173475 0.718988271118216 0.663195689356999 0.532599510571752 0.710957164518803 0.823857948025199 0.497455182549841 0.785765573543207 0.826310381922298 0.379680814455306 0.860064466495994
0.414514393579499 0.531911089725072 0.414091530187182 0.472878339056119 0.531973818512868 0.848245082785189 0.848695771579199 1 1 0.405157273182582 0.289995079841382 0.510456124017352 0.433755537329894
0.959072350931894 0.557150519627328 0.959069479686788 0.605880858020409 0.557211385801078 0.595916926926169 0.928439323425302 0.275725525722441 0.360649865114757 0.520527390249389 0.662291682291825 0.501738903605325 0.355368736966476
0.896777472216267 0.265846591721391 0.896788669519336 0.243216507599922 0.265907198542822 0.161156958366657 0.446518570372374 0.36507614938432 0.198197722068807 0.790590457239875 0.821642831280802 0.799956236111283 0.929117347731257
0.269436224512776 0.263708696632072 0.268731366499652 0.248840064144293 0.263810862808022 1 1 0.452045372166425 0.46787752780829 0.390141771385671 0.436889941133487 0.82127745587226 0.698523984941905
0.965875360808296 0.812899920457154 0.965873250245703 0.950061665426099 0.812897433058973 0.689365649241117 0.459115973518108 0.459419791193993 0.47681166556402 0.645680141734539 0.713497533868289 0.591580070136748 0.633419393413801
0.894669910461909 0.336886622888493 0.894651360948511 0.320805387135088 0.336940723474304 0.903104257223515 0.726620613804797 1 0.862812817923208 0.664690519372398 0.528547061520976 0.907529275425842 1
0.881353504415526 0.747916420040198 0.881334752787549 0.744996461804791 0.747921590161489 0.234632566041266 0.496186151843451 0.588132585800838 0.839620502262267 0.101128044475176 0.179985199646606 0.577470020418991 0.474700842666742
0.974492922528448 0.791179168520106 0.974492063233039 0.824546535547201 0.79118727786255 0.780848559059351 1 0.868031734997145 1 0.871357218278747 0.741757020876474 1 0.925296676215848
0.444431608095041 0.867765773603369 0.443826342617231 0.935668989109697 0.867770425698156 1 0.757691664161551 0.376353639321993 0.376019793528835 0.500983676261165 0.273512858062275 0.19557626275794 0.411551850658313
0.852523642379492 0.0291663186499664 0.852493771251336 0.0368781065977562 0.0292690222939273 0.3267843909437 0.397895500146707 0.17419015986597 0.217269320049235 0.674072816039697 0.704156983628348 0.508626228823479 0.612977688296206
0.42751541895366 0.207040228484374 0.428133085757197 0.178168781989833 0.207177439397999 0.737753628418265 0.89586459859438 0.775434668448092 1 0.352225418853306 0.44475418796352 0.280726731437401 0.220262505669491
0.209050436647021 0.560030775091486 0.209878425814038 0.528928450814746 0.560073321210395 0.845417757683888 0.517456688409505 0.521437776252821 0.801730653172504 0.255023330238758 0.173425265353271 0.411148237052191 0.355355730167501
0.890959450228141 0.732641092527356 0.890944181964682 0.736627006308063 0.732652179619168 0.655092931595199 0.713502572767656 0.459003502723707 0.263594956168214 0.470282024874978 0.667823420407409 0.647780877339939 0.598970680453756
0.822683852230407 0.595641860428352 0.8227469725255 0.595642859159678 0.59564285915956 1 0.897978689913916 1 0.909331502007125 0.925508047616722 0.932107060202204 0.923904390687523 0.932549631498907
0.665595594893453 0.741782435043303 0.665744741891614 0.715484612667789 0.741782112334503 0.27455198796612 0.339499463373217 1 0.802760222444472 1 1 0.694066794501289 0.69083464120008
0.0263363684932116 0.0950978675295674 0.0258022564986554 0.0953184466055017 0.095318446605505 0.894894309449259 0.860843078984117 0.0620988708454763 0.129045479773786 0.817581313283002 0.879460411082498 0.17862538105 0.127837222430243
0.677919381089944 0.317297774089852 0.678132537941993 0.33449992613892 0.317391162682109 0.793625320927287 0.775772679904317 0.503121972320772 0.658546805641038 0.92771688345702 1 0.861404222894771 0.876617901055316
0.669007789822668 0.820850855752994 0.668818694664365 0.787997244913194 0.82085979504327 0.138830774412138 0.150459386485317 0.753498785244662 0.647639451308188 0.445083631173021 0.455156586811127 0.831599860758897 0.606019820470306
0.585413228601925 0.345328645785157 0.58570646632441 0.308391862937613 0.345429887031484 1 1 1 1 0.268624537673252 0.406813751076433 0.650236790673863 0.530727517520001
0.33838787275478 0.567911899177811 0.337834603240483 0.59860065558735 0.567894884328416 0.515402529158976 0.638132794583586 0.197593070189827 0.135832607019929 0.746762552413952 0.805053782288795 1 0.921790667845824
0.0866096071006859 0.0350523694711575 0.0859246349222459 0.0336352835177303 0.035178540517599 0.578072930304363 0.42860322583749 0.0540230284488259 0.0506086465698879 0.880369868220891 0.692382511251336 0.878537670938251 0.61810847944531
0.00786991693103455 0.083351605363728 0.00776444404708663 0.0711250240705094 0.083478968381785 0.669147583845743 0.709847911127173 0.0571777022054084 0.0498410367496187 1 1 0.191683020269861 0.213120263787049
0.859705121178504 0.501460790225228 0.859677120558958 0.522530389617037 0.501494816855079 0.589534918640001 0.772398261007449 0.627647775592697 0.694048640411329 0.230406349966914 0.340747517124468 0.602221519044053 0.33457247922943
0.628820238928745 0.96437287571269 0.628577884482998 0.964331357369694 0.964372972867679 0.924707777857381 0.831406004369579 1 1 0.471667430971289 0.422730888341312 0.848417756235971 0.687446205245474
0.318705952740452 0.333852286371993 0.319518575140168 0.223812672053859 0.334018479957398 0.572301174742919 0.507862415813996 0.87557397551739 1 0.0837025148982894 0.0516677777203561 0.596793428103576 0.322505313045161
0.96348379332991 0.590291064254872 0.963481768665806 0.636668722250127 0.590313756215168 0.572265884014209 0.40323988020044 0.368449518155174 0.536693710261608 0.836262625714015 0.932513751757341 0.577426510139138 0.858762092670947
0.0107743198410822 0.008389738391327 0.0105126343475531 0.00893045633957898 0.00846918808459366 0.609881583139069 0.46313289882721 0.0902978654342698 0.0801768138140833 0.135824513630278 0.131342533651403 0.18220786286227 0.0931689900035901
0.696517965528105 0.740270226394901 0.696402981887965 0.767089094272857 0.740284642208619 0.381534614858814 0.89562410856249 0.406982373512975 0.452989052620732 0.218126828523621 0.176743550091411 0.185098160413295 0.191169614530425
0.544751465376616 0.385042287045476 0.545100973106015 0.37331338158224 0.385151594154871 1 0.688314100865796 0.125347096616224 0.19499227691354 0.0317624948941218 0.0136344348713325 0.210461168811238 0.182420042088482
0.0128850779423138 0.00161320964177403 0.0133630505623613 0.00165660784839409 0.00165660784839454 0.476946119415326 0.617190500440222 0.54048751433241 0.277361778991008 0.0512811398673292 0.0162209468634994 0.0373757193583814 0.00863225250433497
0.899368973256019 0.0567130093093036 0.899393146124386 0.0591357702917577 0.0569884556347522 0.614163591796696 0.628652108544027 0.560977225026134 0.640109650601304 0.355443229984502 0.0850905229247855 0.655412717647047 0.87684594916171
0.656272287669231 0.586177984859262 0.656042358022661 0.621462597508583 0.58618118614957 0.151002488949812 0.244573582687313 0.69071511167329 0.897035878381394 0.849747401673244 0.742111420229333 0.746292576089604 0.783034430213058
0.597564538816831 0.385247307868694 0.597191996904764 0.360114388558042 0.385364255268251 0.275646485849963 0.703796471483207 0.198075397732639 0.45512221047219 0.825522765765674 0.810488628602425 0.874820030819461 0.648116588719255
0.878753042033862 0.769800561804102 0.878730995281895 0.875282377681763 0.76981718817974 0.445528568792436 0.28906444052814 0.355602237329863 0.152518837291594 0.157631429271098 0.208916087750156 0.597355543724727 0.367125670424629
0.476168303189267 0.813598506917955 0.476582401586734 0.81103748148199 0.81359771597002 0.695280352766447 0.763763245589479 0.690851874869761 0.716154752740835 0.447226495911229 0.801144210833412 0.620953456963763 0.750934001694663
0.822184481136719 0.780785091835823 0.822219033756554 0.791531645282136 0.780782540789508 0.112541482644386 0.199440887775581 0.257450735385756 0.200218916816129 0.27131356232169 0.572982069084782 0.718970341327747 0.751533055908639
0.871278717790203 0.365905631383481 0.871251357017626 0.363320619569398 0.365955217672866 0.447591748334965 0.41004265265873 0.605921488822564 0.488365373400896 1 0.921187181281361 0.733771911729515 0.821919606901018
0.274809088759234 0.163097982515542 0.274346195376006 0.179518760917703 0.163192994362383 0.168183720912713 0.2005374115432 0.543900833980757 0.362904836980555 0.570412427110422 0.640177627516033 0.783620339626164 0.64890447538077
0.361961341301127 0.0896207779858421 0.362654718445578 0.0674148412641406 0.0897520081002702 0.382147500549589 0.6470443783189 0.330543322000363 0.252446363595947 0.586057900980782 0.621095413816379 1 0.781570431389335
0.490267724756656 0.626611143204095 0.490666311680066 0.597363060941018 0.626638447424961 0.373523523516662 0.29570018199913 1 0.92101691694275 0.33288177529876 0.553632372286099 0.277713026311135 0.348168046182915
0.880946076654969 0.0488349089560051 0.880974522453633 0.0730569323712008 0.0488839365311423 0.538400805746846 0.341508407878613 0.838097134057656 0.233836480806276 0.440450232757859 0.833894287322439 0.165857408440756 0.19300430238191
0.870677075846812 0.444796302287399 0.870647331563201 0.432303114319012 0.44489087315723 0.538151489238486 0.484990267601792 0.662958154696339 0.263215889962675 0.389459469173327 0.405666373746083 0.532059637401356 0.491646174248937
0.552287216549124 0.506119577145815 0.552751009855181 0.579870201056952 0.506234950853961 0.154911661509378 0.114308220499033 0.231471525210182 0.165455805148721 0.486603476753161 0.422428504600106 0.136178539152738 0.104585840536142
0.0089215559089228 0.0090388882145031 0.00874923317836301 0.0101368782842831 0.00915398535126654 0.277776435810866 0.715909016793281 0.729401999457418 0.768045334623447 0.119074336594284 0.543940773792946 0.00481217814475432 0.000716997100292494
0.899276078874102 0.714266192796212 0.899298083819471 0.711090592812182 0.714265892167521 0.536469978659681 0.410691995559855 0.425015756523812 0.628627666469509 0.577838037710145 0.626561650953623 0.551054567059858 0.72796665764539
0.46055553909775 0.0803597241818775 0.46015218866452 0.0804897935452178 0.0804897935452376 0.378605688951144 0.319499291847003 0.861191626134837 0.583196517840469 0.0214862782495697 0.0491615079525948 0.265263512793673 0.0708468882762074
0.191122647106376 0.115783836693607 0.192227872676961 0.110537302361881 0.115898204263747 0.105729687009018 0.145681495065436 0.535914187773705 0.282821291283631 0.564260476589059 0.452122969531007 0.576113111384442 0.425033629549866
0.872838413080282 0.447585767111819 0.872864620924853 0.4475878633616 0.447587863361561 0.65349689888992 0.497932863429935 0.740231615053858 0.462498248478006 0.936004511893622 1 0.938921485528111 1
0.161027775435906 0.682811220797413 0.160345534840789 0.682811389225485 0.682811389225651 0.233749349723386 0.635291257045933 0.083389637057 0.148829452140411 0.92333179333266 0.889988800346423 1 1
0.138074146797774 0.147231643416253 0.139062498906938 0.116569695158434 0.147460624590952 0.648604521233181 0.569531263291136 0.762261913319457 0.861642298716175 0.0860244605254978 0.118000776197267 0.31536017978938 0.15908047290355
0.180812211805558 0.659032525137795 0.181621792082967 0.795304245456043 0.659010595959814 0.771691548126969 0.764787676217953 0.0357688746541565 0.0285107268148881 1 0.919155252943177 1 0.867928468308357
0.676406504382837 0.347184944237909 0.676216782095866 0.300467756232092 0.347157440403842 0.445241982084069 0.402384023351064 0.776067809172997 0.86970412872056 0.900733640098503 0.892162707855199 1 0.934310001772473
0.311521800203171 0.711815681978336 0.310815981360647 0.628565980474769 0.711817104980281 0.192900244974096 0.184936124722044 0.903651788994816 0.640012186148838 0.485866616588191 0.620887577469255 0.247251323600343 0.47386566944802
0.588780599033176 0.607521707434892 0.589053414873585 0.560060700520054 0.60753663788799 0.716940962447421 0.804151892128623 0.757987819761938 0.564952335860744 0.75553892673529 0.412311919975501 1 0.66887893689142
0.320762269518187 0.767558568551926 0.321412714344786 0.906343084341873 0.767567598587584 0.244163470089938 0.722770049882921 0.544882005908599 0.512611965037924 0.265433997384121 0.470449158252158 0.808333017802709 0.541496990168054
0.900086101706783 0.369660531090646 0.900067921931324 0.361631772582591 0.369742289554549 0.343779983177155 0.363768525835641 0.570722853164986 0.709488417684664 0.777669099547219 0.688907616388643 0.717502697577033 0.575284552711205
0.64363342574284 0.218088388617627 0.643425161561492 0.190944964520095 0.218247759295402 0.0194452327994963 0.0292657298343959 0.925414795364492 0.895884990312582 0.241103991924038 0.0558228138477771 0.921688592061535 0.65693384800373
0.579104602851093 0.845893727615811 0.579410662202664 0.845893724409934 0.845893724409974 0.636342511224352 0.416636540679755 0.385227186961681 0.36454039896767 0.815431340762724 0.665965126052818 0.373072173332713 0.572705207798744
0.650149643581592 0.230004983708129 0.649888634334869 0.284347853514968 0.230190995058143 1 1 0.231747656802988 0.716905342465105 0.223813340839083 0.274495620853723 0.76708704672052 0.773074022124294
0.502498254274532 0.612994507021821 0.502829968975487 0.657500895763449 0.613006422297057 0.811496261483819 0.928487226689294 0.924135121082197 0.795622661088544 0.0742587243514411 0.138671938494106 0.465397018443621 0.244407632431555
0.675696482718473 0.44867412415067 0.675899080705202 0.451317408758373 0.448747185542006 0.253265805298502 0.220964986206363 0.892838259446892 0.909155253553951 0.764300842441546 0.573094683261156 1 0.803663247377151
0.0327070958069074 0.375088672396938 0.0335033915395385 0.293075062684022 0.37524353112291 0.66326544407783 0.592004280934819 1 0.850026037528047 0.510137160136785 0.686163867107187 0.0200108621390344 0.0199109573585227
0.267798741896442 0.447056139948949 0.267042728159847 0.414490468005717 0.44709544035628 0.691278798986128 0.554610388155472 0.620861551111596 0.907926014638427 0.0366130144636093 0.0207375327497277 0.695469625046353 0.840831322597045
0.679340870822452 0.609381417171403 0.679151077147599 0.609379386401175 0.609379386401145 0.596332420698763 0.499701425294302 1 0.679526031413569 0.764984663110724 0.628012174672603 0.806161744620832 0.807100912492942
0.0140312432140788 0.0226316259767236 0.0136794245834383 0.0379162066859102 0.0226885712033449 0.0128820941144625 0.0148385265759713 0.231386881754062 0.0405493806837006 1 1 0.101592423128101 0.224167228249244
0.10727562793555 0.488859163271122 0.106834951214362 0.400973057927602 0.48890006785375 0.411752400662607 0.548219142355634 0.885266290985596 0.91464488239729 0.0598817859314026 0.0512141997979224 0.0827457110413122 0.0958348399745361
0.678808165030181 0.544040386477874 0.679034088900481 0.48078151058174 0.544073440108254 0.209557433090366 0.209694743201109 0.2567339827899 0.212632057673651 0.137024721033575 0.135971242416378 0.413221674696416 0.325193220559586
0.601599452320414 0.54686200960395 0.601368709901269 0.546879584755166 0.546879584755192 0.443157840585375 0.636910572545948 0.180637493282467 0.276648279712979 0.734159012974884 0.469843607599259 0.123598739608785 0.421592361309122
0.893475982972923 0.0962212333093039 0.893462154869159 0.0963448803422269 0.096344880342156 0.145088068566586 0.0562723059482112 0.830979590070865 0.679988452819859 0.323300256397534 0.574774240864046 0.577794720302284 0.361372838031605
0.503301647781977 0.532136947946603 0.50291874300277 0.648030721642659 0.532162256916774 0.47958621573116 0.342390102547558 0.66172144866049 0.670293073213432 0.810778429359479 0.815502807217682 0.881630958070768 0.919987481605448
0.436683350416055 0.361655067702596 0.436129630403136 0.368802845791451 0.361636712911729 0.744888446098813 0.593425336145098 0.338010328259285 0.179746523753746 0.861340468487372 0.776428574080207 0.827814071551835 0.802574853254413
0.639812199297192 0.291147400069252 0.639548306575747 0.297656005538682 0.291139833592664 0.471039864729173 0.312878167895438 0.338903487061666 0.195654113755086 0.803345324771664 1 0.809881231420703 0.93574516513519
0.542181977034591 0.965088949465088 0.542491943388429 0.912081200929513 0.965088931455488 0.93776488776043 0.87770219760157 0.398643576505118 0.473086439464435 0.732293692995971 0.596172172537251 0.572786768586983 0.76594379371848
0.00157989929003234 0.0470344531693457 0.00153859497361622 0.0355339119193906 0.047211216578766 0.389638917961993 0.258725273398794 0.432881847677585 0.53755021694646 0.00123150345137968 0.00133233372516484 0.00300248163253825 0.000559280832441722
0.0223339497154676 0.0585019005098723 0.021998020108607 0.0653551916141064 0.0586707289085685 0.10335684178221 0.394289791075552 0.0892962918741588 0.175833016828935 0.933190482861991 0.607878507009717 0.273900120866237 0.22793556462142
0.515665089699166 0.519159887630591 0.515926400085714 0.512095252038034 0.519229671365091 0.108444753206508 0.138966121186609 0.611010981567639 0.540551702003272 0.173136009126385 0.165823472647224 0.585667328748758 0.172049611211261
0.679580346624032 0.00532470663801626 0.679353847989327 0.00614580073135454 0.00539496779958181 0.740767963333227 0.631532223045092 0.715133993711998 1 0.248912669803555 0.150452449723279 0.181338250831614 0.286437945596297
0.656124707384326 0.678253543301625 0.656362219657103 0.594134727478631 0.678253681562777 0.741051428380603 0.771090778988856 0.865186703657731 0.809848710871659 0.756688415779485 0.498619027176084 0.656540618830036 0.848972889848541
0.406170618154063 0.970236449653384 0.405674413836398 0.927804221520539 0.97023641992781 0.715684567756627 0.850524333417239 1 0.893283358442924 0.767595357602945 0.795924417804868 0.658817822317544 0.837115296342372
0.806150559993022 0.558336295085608 0.806199160229255 0.591141102365566 0.558332861165996 0.705305154496076 1 0.447807126231382 0.377868488960193 0.0560276175754489 0.27474087500592 0.41371640682425 0.326021530467466
0.455176006000964 0.512547835028181 0.454831047785019 0.4365025252464 0.512583365619716 0.792871062227465 0.717586421352564 0.938283923791146 1 0.2530004225517 0.432144215917215 0.411091457552597 0.38875603718236
0.198248030667563 0.882489367879996 0.199095566287673 0.948829514089454 0.882487902976052 0.401756944462949 0.552507947480568 0.932732876859619 0.910094887321896 0.811749180328903 0.630816581557665 0.180839743774052 0.515946289766287
0.857582943097354 0.787468196504389 0.857558741066894 0.789202123167897 0.787469197036983 0.651149846805751 0.721875106229958 0.865729774964575 0.866207962485366 0.0131774443565155 0.0447434954921774 0.866460485896895 0.402710329154505
0.45157328080226 0.229169482160044 0.451194951198034 0.213879847392367 0.229303187474331 0.462464786960557 0.141103146623489 0.770539248748741 0.794686526418996 0.481286213353561 0.127501792815227 0.874421072252564 0.703669819051617
0.310901334662122 0.872843202300325 0.311667074180012 0.897199419896582 0.872843911743834 1 1 0.81870766072739 0.902570999659381 0.507773013643333 0.875379214044915 0.635177855782358 0.89458563348916
0.929452990345076 0.413801205680484 0.929442887474839 0.394803309444508 0.413743537100224 0.805944455717755 0.582835379907997 0.211952141575676 0.0894007540201061 0.340287534790732 0.392577192982541 0.516915188216434 0.501810693382718
0.152873255090282 0.0087017066137524 0.152311669712447 0.00837546543597099 0.0087865359038331 0.609124772856475 0.635713881926547 0.197517356453186 0.169161751496525 0.501854556172677 0.268424026519301 0.841174627141385 0.341464410133308
0.625217893855543 0.352112945510302 0.625003473061026 0.374707356240684 0.352206269773871 0.518594082895347 0.471869919799016 0.546448449730918 0.791072996151447 0.874932386655421 0.680188602674491 0.728371490430639 0.725655689917408
0.843615135771383 0.975473772823247 0.843658394559448 0.875873636323128 0.975473776830371 0.39247687979984 0.244113716298192 0.746968957431627 0.553208044852446 0.769903832026065 0.815186504900004 1 1
