ADGRE2 ADGRE3 ADGRE5 CLEC17A DDX39A DNAJB1 GIPC1 NDUFB7 PKN1 PTGER1 TECR ZNF333
0.164717820553569 0.189249045498727 0.842963081890312 0.57741501762633 0.736159596567551 0.371725379192674 0.00360683929719935 0.100419472543514 0.742305801891421 0.36775819878766 0.000148848765181478 0.268135126976813
0.178922233778136 0.249013543423776 0.222408259610709 0.0479368512903267 0.230205011526947 0.00388889450259645 0.500053010635604 0.413262386365659 0.385504683333029 0.42813027098363 0.519262264228052 0.779907218083018
0.0257526397526235 0.845243309131486 0.718296182578964 0.165785830225108 0.434505270084127 0.182655735143753 0.863199249833832 0.487313019093499 0.271068067504289 0.153870284083321 0.509457039539145 0.223583641735312
0.779138789426577 0.00444132699695244 0.0293083651983145 0.689568508099197 0.221488559442745 0.944869094040506 0.689621974904071 0.77359009728171 0.366696880994975 0.887112414823123 0.0881259498428043 0.0719832479121092
0.713266789731275 0.0846399878708229 0.752675403882761 0.446827519274693 0.393850430389076 0.692479453389961 0.999999999999998 0.614182787156542 0.591583530248023 0.0991285182633441 0.0777560625255271 0.105793964074473
0.544400306612989 0.0450724553791627 0.0173397349342343 0.584271088895659 0.901359609496008 0.539359229624332 0.10463702882959 0.0455241791217687 0.307231067764131 0.0372157843880805 0.0325853864474063 0.903743580340294
0.893079842381726 0.0972891400839147 0.868787297810568 0.700782288732963 0.537144522981645 0.0850793908790414 0.932380137954638 0.285529751904463 0.0104098553485512 0.326692707969069 0.122564602851271 0.702154946343526
0.339600191006848 0.171467050091646 0.322779639655912 0.235593776077303 0.827861349934862 0.345478394240781 0.103498964779289 0.995334671945041 0.908844657975648 0.163559735773856 0.11608379420972 0.0470969596380376
0.114985448628809 0.0271088230891173 0.964984319965848 0.0720044375874016 0.389857533435405 0.12331390789052 0.677307639502076 0.295077533296366 0.767238668559325 0.188300231705544 0.189752940205264 0.0672612473409007
0.427622242437844 0.151097365273694 0.000469986431405342 0.674484469677835 0.0757655731999561 0.394501227523836 0.451865051293511 0.0192307079162971 0.907430316171064 0.333343912270461 0.825601463336647 0.524073538859434
0.178613341002544 0.17693502702972 0.706315493764474 0.452144365187744 0.059901590220196 0.000565993746770011 0.860788859413688 0.541088279841963 0.929274162625559 0.706722362214861 0.312324114864778 0.453903916677981
0.159624265578292 0.00206703046997518 0.483987360966307 0.21504945638538 0.365580731402538 0.715000653529062 0.8503727493533 0.756615860680734 0.0720569132815281 0.808988735265156 0.0231617127909047 0.589393951573218
0.94296308378132 0.461465750918949 0.00413510117046067 0.0222410706169356 0.131691180364587 0.107186669354705 0.333329885430672 0.424059521577701 0.950440238450051 0.864859902546219 0.343981809517387 0.0245241051228423
0.926308571131251 0.384832758031442 0.235402020726193 0.21308790747183 0.29756197615474 0.987957911782772 0.0798349484251585 0.082592626967311 0.212393062498828 0.702033328083088 0.542927541845874 0.515369440213887
0.629997651949194 0.0659483638381578 0.553992940400244 0.377587745000551 0.0689983937116356 0.478055003685612 0.169526050893049 0.559468113831374 0.0942661430297937 0.0688549824104954 0.0062588998078183 0.833525697646748
0.718561288205222 0.0114179361422915 0.294039288742012 0.8995284051841 0.00344584047500899 0.181511269400772 0.46802555709773 NA 0.484152537524627 0.327547610746558 0.113163966341473 0.0536953829960311
0.53463502726767 0.918743413598482 0.00389869180291047 0.895162317570409 0.457108311176253 0.255182820401585 0.0528566682834177 NA 0.79152504731468 0.434842954164917 0.773926056697523 0.981926116198104
0.349771470164544 0.203135709493297 0.417995725724549 0.964626322762468 0.00203062643469213 0.184107240895104 0.0858023702233546 0.935086371825971 0.142538285211942 0.483045836387859 0.0430375084031549 0.0292765464883991
0.740137184692752 0.00555891535320352 0.400294146132377 0.295468707453063 0.14598505647157 0.16613418829975 0.659931887788231 0.15149075125403 0.00758834305206168 0.725362840775668 0.0420551217798771 0.683925144903823
0.096899584803884 0.00395215706344594 0.000974184687421305 0.194229325143134 0.894895181730504 0.109353813771851 0.153237765371741 0.602289233689726 0.557707074954675 0.877223343141804 0.276541503583608 0.239462140076691
0.360656723018003 0.628615984548079 0.0271240016461657 0.957490106554766 0.143629900335176 0.68348361406136 0.901581295548165 0.589234703721253 0.136165463748088 0.0656924404256937 0.0271504575296317 0.349533136560279
0.0749228855799926 9.32665811622978e-05 0.0918123065840843 0.438675517487881 0.323967569836409 0.0155010197621989 0.0857092335005202 0.275506050800976 0.172024354247886 0.690021825438848 0.474209251559654 0.731984751223848
0.925381870557267 0.273489003478115 0.816245223539784 0.0942088597115969 0.13475458561197 0.239611518178165 0.758386088126463 0.503524217743729 0.851885052419766 0.535714528716352 0.0243662104153112 0.565492781780245
0.0839708697469491 0.454205599715605 0.00186177080649552 0.112608468128105 0.663716958670515 0.277280762331967 0.0325784864449168 0.507029222603449 0.865639970551255 0.0870342861069174 0.0788010814735961 0.766203194454715
0.623050041309518 0.449031841775501 0.0332877073691569 0.989818031087394 0.699141848738459 0.350299720010538 0.516579092808569 0.779998972350954 0.615227811358283 0.381886927193649 0.311395840638505 0.426048695126124
0.765849950020339 0.117913464643469 0.0543245712543423 0.346979719453323 0.52085196633022 0.00638239072222983 0.490465501152179 0.995528200552056 0.272361404711932 0.968447589882046 0.335937407755384 0.000408955901680958
0.000750605214183119 0.00151590281456083 0.121747121417886 0.149698358967142 0.759312291792038 0.278699124568764 0.979156172464947 0.93906380604316 0.264248261630902 0.81641066888024 0.271107326577171 0.129729338655096
0.715696658917472 0.0335099073153171 0.973462474069979 0.514654100740474 0.646256693820295 0.815543182562595 0.0910874625166129 0.906741622743712 0.293179096494559 0.859271526606607 0.9138097398309 0.377005427401447
0.0162892740375913 0.000102264316095667 0.022286726753958 0.11452428377397 0.706382428586952 0.9578238198075 0.241635664008298 0.436901250554103 0.790941884798406 0.757362750799271 0.835252891489092 0.396567087342483
0.456182428922932 0.679623063034902 0.141905737944568 0.309846996830493 0.0146918272940916 0.951924087845081 0.397944903996746 0.88288232933184 0.776791344926766 0.0706715551501621 0.661390005815435 0.57146562740808
0.00497340253436612 0.533556114074979 2.57985834427817e-05 0.221946329814091 0.720805525836245 0.931723219737363 0.925791967247714 0.583513446005459 0.127171268073032 0.468178969443189 0.0333813888431452 0.860960600664108
0.959961930537581 0.00110237078203289 0.268426566350537 0.696613000866065 0.387879638786274 0.0530629809032786 0.0316386520719213 0.97830070802249 0.500209148474063 0.65145578262217 0.0097835770470966 0.230599601966221
0.598149909846776 0.952266998323575 0.426564590051286 0.1165904066185 0.361319100132368 0.826770842692874 0.895645850791627 0.734319227816417 0.174293034316966 0.382686430362503 0.01487658698511 0.319474502065146
0.0268259529052673 0.26385172946278 0.118729628991385 0.832791288503588 0.250923918580774 0.276175696496712 0.0726516509599675 0.197175427975527 0.792076826359177 0.512851314199296 0.131872006782069 0.269230094735351
0.747390756139332 0.231890707211426 0.883218528571014 0.887673239242456 0.578482616080018 0.0765836668588282 0.23050674474051 0.57068310011071 0.163483413589443 0.511272225047854 0.215778433015263 0.136663399365364
0.980485561665273 0.00276776086362584 0.00694381908772054 0.0766116662149845 0.347244067671319 0.327320806951098 0.983530494022915 0.086621816562307 0.228615192677833 0.3897856639341 0.307616735322669 0.250820006963834
0.511162066585812 0.0890624092827356 0.0362931603096639 0.95444522812147 0.249792900365267 0.0653208726930925 0.434666054882297 0.752438047382714 0.086498480460686 0.199415231212973 0.18664729171331 0.551139776539819
0.93085003791489 0.898728729327049 0.0965840453989207 0.0958724497262819 0.145518987363973 0.863677815183176 0.0526639382141672 0.00987868003589675 0.132902728896398 0.0978376977338603 0.0450008330530609 0.802959390508309
0.157640344464001 0.0692051373443363 0.813302288215072 0.299205445036842 0.918416840032804 0.791567922985621 0.519207653953677 0.994348113631269 0.961831066646305 0.106278311570725 0.820472317959846 0.326690920595186
0.599054143516881 0.734682893657437 0.141297335184493 0.650038489446216 0.466502089033446 0.791506935039225 0.554421116760672 0.741545335644167 0.132813359444476 0.976315118250297 0.689718647417202 0.564002197947326
0.56940216739068 0.0263282625075796 0.278674456015807 0.349506835394595 0.946470413309568 0.189316026013521 0.712975462798502 0.673791446781695 0.396446789982008 0.917899814382672 0.895920821735747 0.000246691157033982
0.869274581992949 0.131496265992599 0.738489608484481 0.696673853625619 0.352582779100103 0.465445702487491 0.496650874105395 0.772588977781375 0.319476260451936 0.0454246248868666 0.693661984003927 0.352104832804237
0.95830794220694 0.00906602807995503 0.225827554224061 0.470899238815879 0.104364575163453 0.49342767849114 0.498442905553143 0.574315029172974 0.658739726865742 0.542003326478353 0.729575129087244 0.978990156463592
0.142161600125689 0.0340192990324747 0.0124886552854203 0.957738823959384 0.935533181822877 0.20444108348201 0.891496495330023 0.576848270324169 0.940752308839086 0.274888439752289 0.531128789876901 0.34646217677711
0.858621727213014 0.315860739431725 0.593889655303441 0.689506515460125 0.192253021826914 0.865087376748965 0.605519908952043 0.405755825150339 0.98211345426913 0.797651862840222 0.533418476255894 0.174924220980722
0.492552758554632 0.075244012768592 0.0637840283423498 0.00225115931425314 0.493371290231859 0.715408689091514 0.270538210216542 0.557771068871315 0.199734673782554 0.564971657893526 0.0137535420468761 0.031294746447281
0.13407045913069 0.010367332574718 0.00150077439520707 0.102062543500678 0.274889736487204 0.861639717624497 0.233906138216558 NA 0.897187037536097 0.382586765890432 0.150200019126777 0.550467927916237
0.772348630553589 0.472087961702506 0.109149240827256 0.866277391829114 0.819851250519269 0.431334103696722 0.47905223580641 0.950168524439456 0.67173942889838 0.775864811196421 0.0120246849320564 0.227533253902017
0.217668584127739 0.261963145728627 0.00182458856146772 0.0335769018840364 0.713016639654894 0.705785694710688 0.624501664949002 0.0179245802819725 0.317509094604448 0.636933567265407 0.0470781255990943 0.105442743744906
0.287133513475291 0.00694514174934276 0.0598973066438843 0.995776012784262 0.831069221583773 0.666501819031238 0.417933350724298 0.483527550168513 0.658422303134189 0.936124769119354 0.481447524640686 0.198367450892076
0.166628430853591 0.000100961444253895 0.0144285955674701 0.668946698102778 0.725250900926034 0.0775267986281489 0.939519399908207 0.382265410302629 0.189394861036392 0.732039270285082 0.326051939071786 0.351514196210493
0.0868037303699524 0.0839128716763378 0.0213363670449788 0.118212773575782 0.645036062743253 0.233810670600726 0.659823538751933 0.85017518620225 0.358725818413219 0.07230599233424 0.779200906063623 0.0252813790369316
0.187148424619006 0.284396626822098 0.00143543768308804 0.481518654115178 0.00877341364480541 0.999999999999999 0.203942154543247 0.059981908983746 0.156007271914187 0.848302618347945 0.00348665840162312 0.328376947681748
0.0878893261895882 0.684588344690038 0.0432924205259785 0.663432890761792 0.617910646198989 0.0985546631798943 0.306398772349362 0.756549148089977 0.703156416776733 0.168845726390283 0.243948993174233 0.719319528325329
0.603630018482122 0.72939146078199 0.225675873459235 0.540438752982527 0.201419218614849 0.460246200310131 0.364804051999299 0.707240852520758 0.0789957119447635 0.0676725092933292 0.70476975566086 0.363384618775176
0.563614086929404 0.5395175018697 0.105131446294214 0.00825591448311608 0.281570799738768 0.814404709851674 0.400067967021999 0.637156643594622 0.00197504545730967 0.656580178487115 0.0874440533878297 0.0689145336939672
0.110350514075605 0.0546025443157324 0.000146708617905552 0.0780414546888546 0.795644333812059 0.171575555757745 0.642918677761703 0.108703786275306 0.918451658411157 0.577433826703239 0.025126466375159 0.0916647937988893
0.412720322246106 0.206157647277259 0.000660406477921879 0.830579794347592 0.919347938673074 0.435009383578689 0.721109133641772 0.953541449763371 0.916814174255858 0.377711567805127 0.0755687259065618 0.593430075169857
0.172536810207973 0.27403872492076 0.072616311768469 0.101518169412017 0.189631700271799 0.59013501854291 0.0401988485104168 0.957129333644155 0.00864009476144696 0.249606347144838 0.796197460681699 0.366466693534769
0.445409247029742 0.00493391164562445 0.647356344810897 0.730741708898192 0.762644928647686 0.425535357327185 0.567074878522514 0.30846119079901 0.0223959058633975 0.0937865991663542 0.0218426463134875 0.306597006957579
0.986908069313594 0.0435763698824146 0.144501786380363 0.654933235175841 0.922850336942355 0.00618939407507999 0.686447736095793 NA 0.361775966887695 0.30164718845813 0.143346127052345 0.24462661880811
0.205174967469396 0.812247034174856 0.0208090659375587 0.33899679031948 0.106211987718862 0.990019016928493 0.420864700751031 0.943212332256155 0.616679393998175 0.979388887341464 0.0295831889378482 0.371666823642002
0.505130471194513 0.166219764818264 0.00829761206121101 0.293409516641004 0.695352651971428 0.190374843488484 0.0971334015467523 0.366142992264417 0.0234940055579349 0.105275860671478 0.279868753257713 0.0086814800924465
0.94390563858968 0.0858989875461982 0.028788235857605 0.286060311238418 0.447450919549987 0.542591071073677 0.0820933690607696 0.0498512343646718 0.837895263251796 0.0756339236214973 0.129422940241026 0.571248646742955
0.874454394634629 0.00991692697494659 0.866314542805997 0.0355787254355128 0.18951251460347 0.805401199675067 0.548486832053936 0.783994128499539 0.247975118356049 0.918889070567595 0.578687745564675 0.336624141096241
0.446160686044508 2.01543869120471e-05 0.0612556812033512 0.100712027305941 0.0117496523387271 0.649632369652007 0.324336074042562 0.565595193824563 0.623326972633655 0.267847155306217 0.010429984027981 0.43200584586518
0.398274655260492 0.00809782156872554 0.0141009098304953 0.0175447357754714 0.148328682343282 0.635585361992678 0.215708014732477 0.134552708451931 0.10967528839261 0.399956898403355 0.0154992585174897 0.662680436165462
0.505438596345175 0.234918544327061 0.00275577382792298 0.993218963314074 0.632777745841519 0.71411732806464 0.0229990091693953 0.0852049217194774 0.390489334101317 0.867788559355003 0.46455449360238 0.252882811380818
0.320550552557086 0.255514791814205 0.000280929182755312 0.253379179556772 0.0387992361229732 0.556654285625193 0.350165014298007 NA 0.471829245501441 0.661777064899605 0.966870040154054 0.139172987604252
0.69214015682619 0.223271243677853 0.0951614998729554 0.788017767302691 0.162056785744093 0.578191264469602 0.877469156191956 0.823697631342071 0.887933489665831 0.493675374784395 0.908253571603626 0.354198900709995
0.00866303400856637 0.0498972201138502 0.328647715169423 0.549180535705736 0.0418857684018448 0.0444449443132085 0.0501655065341589 0.73406493849176 0.0953233251127633 0.360724734090209 0.41208869054214 0.411930302284536
0.155984250624356 0.786885849757446 0.362753397984367 0.141541213222567 0.763367713868905 0.140695209648266 0.493108997158321 0.260914588967757 0.711887860482957 0.155711031732802 5.293720872092e-05 0.745499331746857
0.190466849559239 0.0015468260747734 0.414139304994498 0.372477552348105 0.548158813925331 0.369926601227008 0.398690534311801 0.905660390972945 0.969376800358702 0.574504981430955 0.0582415084691956 0.0916647544344704
0.818457656003343 0.429163879848582 0.0103425653766278 0.480765958032514 0.647479039938727 0.54803836468338 0.418345929197216 0.262373189504987 0.326198361716892 0.769764612045623 0.749810000634387 0.016879025817064
0.474936677967937 0.136395062234351 0.296496225527196 0.808225762713022 0.353627440577315 0.523716325677621 0.999999999999998 0.837354526355925 0.308046448858112 0.872683252664445 0.0742271672014148 0.699075876406492
0.897029193495752 0.156107306917821 0.0338915322740755 0.0895861445679922 0.654714315019249 0.523077397914427 0.214352792739483 0.558890728679409 0.016229515383641 0.939239862099349 0.0721941295895667 0.744823860341758
0.741318822751166 0.817892699585897 0.00567948481714932 0.534255972977745 0.0881773058993091 0.634604971577744 0.678594686984145 0.0471180187826642 0.451261991667612 0.725402994715685 0.0198825974442645 0.900093700644634
0.106454077555427 0.68828505243555 0.712993879194474 0.434622885011664 0.888504934331367 0.522709535485253 0.80906376274766 0.867070815905617 0.988930901240721 0.542672967660947 0.592878000562544 0.71920723665094
0.43759755623621 0.133119614357375 0.641716495336636 0.710778143829475 0.123110881936233 0.667785120564729 0.70782518230967 0.157347030367864 0.791178659324283 0.047236530981234 0.191601016767903 0.00628899428227346
0.689617524029902 0.0105385584709493 0.0224828384923028 0.0643778870149363 0.0128150060903283 0.433312454204683 0.0814569181250834 0.365897513384998 0.981383713826832 0.455448964863665 0.0961962665993292 0.0839503984735669
0.975832255328862 0.0598375922849661 0.00995524144026698 0.966083922852036 0.987782567094331 0.514111637404368 0.560960331771181 0.325111450222601 0.3891023188638 0.529390347351709 0.000830529079741297 0.894262786492397
0.111590780782866 0.0158482682361875 0.00371302064416137 0.209902585407791 0.207142050749408 0.00550805958349129 0.160953863428379 0.0998733161253859 0.415323535436156 0.464166889750283 0.649158972221109 0.498618711827656
0.550789184062216 0.0159575793787665 0.197252589817431 0.577340597698174 0.41878761600676 0.867968755135676 0.695202233315516 0.697933957772825 0.0456294133824959 0.786158449355991 0.00278052001019304 0.8051144611891
0.838802040755362 0.351396297456423 0.0241211520920681 0.487600985546366 0.635643407018149 0.306842457154319 0.460206458292357 0.229231325745955 0.831753299944601 0.855344193447039 0.296985446994035 0.38702675833172
0.646442049486874 0.0974663329783542 0.0625976924533678 0.634146110958438 0.752974834623872 0.640479508689981 0.0497332628895673 0.553843155064584 0.853099971997274 0.745583606606243 0.243495764371181 0.761739129453447
0.0465737782345052 0.0162304852902157 0.655446070205746 0.994742940831792 0.964421217813083 0.798137947987631 0.505507862840215 0.609297550916914 0.285496143184551 0.450066637310359 0.315051201283448 0.761293615085271
0.799139321495776 0.199156876106848 0.271985505943884 0.557752136908962 0.865691672881499 0.570418532314186 0.193225790499392 0.410728598313497 0.222069706187239 0.00182612533603238 0.0884796961620388 0.333627523689596
0.54014555574752 0.829752480230031 0.407666294325399 0.947342486068866 0.75960006122711 0.347436925867333 0.609128411691046 NA 0.779557545123534 0.368725122256376 0.472196291874682 0.250502182492128
0.8015823625289 0.0520734486378321 0.661676906622969 0.190248366596547 0.144818066608556 0.0559286159262204 0.143039982217992 0.563179830213824 0.5480234322272 0.325062735690977 0.0955258734650717 0.100629242657178
0.972199165161614 0.265312639345127 0.115713344256331 0.107885554913741 0.309652323384506 0.656577883865312 0.207352987097272 0.943848974808557 0.924969934331372 0.479025276940807 0.720538948447496 0.180668809859126
0.764874496539527 0.671625187510529 0.00364995328678079 0.182341755846461 0.164401389475955 0.172099085492739 0.288673776829182 NA 0.892893755616877 0.253758529655153 0.691233322680679 0.672489764493333
0.159019207981812 0.134018992911364 0.0186720067691919 0.92524585904609 0.370343195663611 0.196096319701409 0.984699380860919 0.362482044413313 0.312665716707604 0.107068267967767 0.285033426156321 0.0540943154569582
0.986829880160451 0.896461022764734 0.380142508339933 0.43210071480729 0.728016734125419 0.510179033237728 0.269363138566512 0.405730635109301 0.64034340929899 0.0735365123988363 0.516593343856841 0.119864499640044
0.817261975868345 0.21856385845495 0.0350428873123937 0.0902277340222818 0.232041215770992 0.0402623581835538 0.724857014923138 0.682582117757404 0.182400607035265 0.215463361138126 0.0432772497436441 0.894014048479589
0.103328659994921 0.295959123160554 0.624852997945206 0.560118982542811 0.495617994540745 0.39295069918018 0.692906996430693 0.457810051534679 0.4972442185157 0.431272144473865 0.0203642595416951 0.510789288273181
0.311051777838818 0.0656130479392279 0.000801581943337959 0.98992654789069 0.332970175274074 0.128045982811749 0.953274888493465 0.0428110275832784 0.925830531965462 0.871472762165224 0.845517199350958 0.00527525118663831
0.0302276492460123 0.164494984399689 0.425448955039694 0.504836011269156 0.31913148864185 0.66505831376986 0.487796592550287 0.169299172954327 0.686745266165232 0.107904941590948 0.411815956998608 0.291542985137352
0.715875513955968 0.000100247930533102 0.253036035297005 0.0372246624460046 0.113800562372585 0.633714750394766 0.078039331602109 NA 0.177932203306746 0.0980701524576357 0.219423699983023 0.661830684509223
0.504784790961916 0.327673910810225 0.28531550942091 0.28084172396845 0.17796489209365 0.0195920788988312 0.109456209630695 0.922993181347979 0.261250715588052 0.337062074172197 0.955326573523077 0.0174330112856209
0.350068892483714 0.463179561646084 0.754454126222179 0.651582559061206 0.834130586079154 0.844897387589213 0.823051504688947 NA 0.776388135824008 0.47402208889588 0.213784682335261 0.758652565521068
